return {
    {
        ["cframe"] = CFrame.new(-21.510147095, 233.179031372, 59.255138397, 0.564863861, 0.007727385, -0.825148046, -0.009002252, 0.999954343, 0.003201826, 0.825135112, 0.005619588, 0.564907670),
        ["fov"] = 70
    },
    {
        ["cframe"] = CFrame.new(-21.874307632, 233.090957642, 59.913898468, 0.605867505, 0.016251504, -0.795399725, -0.018757427, 0.999805212, 0.006140095, 0.795344532, 0.011199576, 0.606054366),
        ["fov"] = 67.4644546508789
    },
    {
        ["cframe"] = CFrame.new(-21.513887405, 233.110916138, 59.894950867, 0.625047743, 0.019107558, -0.780352771, -0.023079840, 0.999715686, 0.005992324, 0.780245423, 0.014264934, 0.625311017),
        ["fov"] = 65.51580810546875
    },
    {
        ["cframe"] = CFrame.new(-20.808698654, 233.169464111, 59.674350739, 0.645169199, 0.021450251, -0.763738692, -0.027438769, 0.999611497, 0.004895996, 0.763546944, 0.017797297, 0.645507097),
        ["fov"] = 62.99164962768555
    },
    {
        ["cframe"] = CFrame.new(-19.821434021, 233.251434326, 59.365509033, 0.672577322, 0.024884725, -0.739608526, -0.033489693, 0.999434054, 0.003172276, 0.739268839, 0.022635667, 0.673030078),
        ["fov"] = 60.4393310546875
    },
    {
        ["cframe"] = CFrame.new(-17.705863953, 233.427093506, 58.703704834, 0.728153527, 0.032831099, -0.684627533, -0.046217930, 0.998930573, -0.001252892, 0.683854222, 0.032554362, 0.728892148),
        ["fov"] = 57.34225845336914
    },
    {
        ["cframe"] = CFrame.new(-16.694725037, 233.509063721, 58.167144775, 0.755896568, 0.036830172, -0.653654456, -0.052013367, 0.998638868, -0.003880767, 0.652621865, 0.036932234, 0.756783307),
        ["fov"] = 56.521236419677734
    },
    {
        ["cframe"] = CFrame.new(-15.819849014, 233.579330444, 57.629165649, 0.779708564, 0.040415853, -0.624837101, -0.056881703, 0.998360395, -0.006404159, 0.623553753, 0.040535182, 0.780729115),
        ["fov"] = 56.160892486572266
    },
    {
        ["cframe"] = CFrame.new(-14.799160004, 233.661300659, 57.001518250, 0.806074560, 0.044769548, -0.590118408, -0.062438376, 0.998002887, -0.009574084, 0.588511288, 0.044563465, 0.807260096),
        ["fov"] = 55.95158767700195
    },
    {
        ["cframe"] = CFrame.new(-13.300799370, 233.696182251, 56.077785492, 0.863484502, 0.060713440, -0.500708163, -0.036208846, 0.997629046, 0.058524538, 0.503074288, -0.032404955, 0.863635600),
        ["fov"] = 48.477333068847656
    },
    {
        ["cframe"] = CFrame.new(-11.921678543, 233.709289551, 55.227031708, 0.652510762, 0.090266526, -0.752384067, -0.067008331, 0.995863616, 0.061364248, 0.754811049, 0.010375166, 0.655860364),
        ["fov"] = 58.24641799926758
    },
    {
        ["cframe"] = CFrame.new(-10.038997650, 233.710922241, 54.065654755, 0.734302819, 0.072874635, -0.674899220, -0.077569403, 0.996716380, 0.023227055, 0.674375713, 0.035295844, 0.737544477),
        ["fov"] = 66.0445785522461
    },
    {
        ["cframe"] = CFrame.new(-8.265782356, 233.714813232, 52.967556000, 0.712466359, 0.069589160, -0.698247313, -0.077501841, 0.996786296, 0.020262264, 0.697413385, 0.039679278, 0.715569973),
        ["fov"] = 74.55280303955078
    },
    {
        ["cframe"] = CFrame.new(-6.797999382, 233.740051270, 52.034507751, 0.695349038, 0.074762426, -0.714773118, -0.076077268, 0.996643424, 0.030235093, 0.714634359, 0.033354044, 0.698702693),
        ["fov"] = 79.31629180908203
    },
    {
        ["cframe"] = CFrame.new(-5.695493698, 233.760848999, 51.331642151, 0.683987379, 0.077979408, -0.725314200, -0.074816532, 0.996526003, 0.036584068, 0.725647271, 0.029242447, 0.687445343),
        ["fov"] = 81.91958618164062
    },
    {
        ["cframe"] = CFrame.new(-5.004707336, 233.787460327, 50.876380920, 0.689706266, 0.074320771, -0.720265210, -0.073702060, 0.996757865, 0.032275684, 0.720328808, 0.030824300, 0.692947745),
        ["fov"] = 83.51051330566406
    },
    {
        ["cframe"] = CFrame.new(-4.227573395, 233.817413330, 50.364215851, 0.696087420, 0.070220299, -0.714514971, -0.072409436, 0.996997476, 0.027439812, 0.714296401, 0.032637123, 0.699082017),
        ["fov"] = 84.52037811279297
    },
    {
        ["cframe"] = CFrame.new(-3.623134613, 233.840713501, 49.965866089, 0.701011717, 0.067042619, -0.709991634, -0.071375720, 0.997168183, 0.023686986, 0.709569156, 0.034071323, 0.703811765),
        ["fov"] = 85.03221130371094
    },
    {
        ["cframe"] = CFrame.new(-1.888076782, 233.863494873, 49.167800903, 0.722359955, 0.068051927, -0.688160777, -0.077726230, 0.996829987, 0.016987147, 0.687135339, 0.041217316, 0.725359499),
        ["fov"] = 85.2887191772461
    },
    {
        ["cframe"] = CFrame.new(0.768751144, 233.886535645, 48.038585663, 0.755527437, 0.072782762, -0.651061594, -0.089596137, 0.995950937, 0.007365999, 0.648961484, 0.052767381, 0.758989275),
        ["fov"] = 85.2811279296875
    },
    {
        ["cframe"] = CFrame.new(3.130376816, 233.907012939, 47.034835815, 0.783350527, 0.077483945, -0.616732061, -0.099724688, 0.995013714, -0.001656806, 0.613528430, 0.062801272, 0.787171602),
        ["fov"] = 85.02604675292969
    },
    {
        ["cframe"] = CFrame.new(5.450922012, 233.777633667, 46.216712952, 0.809077859, 0.083821066, -0.581693470, -0.110292606, 0.993846893, -0.010194379, 0.577259719, 0.072404534, 0.813344359),
        ["fov"] = 84.5740737915039
    },
    {
        ["cframe"] = CFrame.new(7.675390244, 233.604721069, 45.487464905, 0.832175732, 0.090708971, -0.547042727, -0.120388940, 0.992553353, -0.018556613, 0.541285813, 0.081300259, 0.836899161),
        ["fov"] = 83.97480773925781
    },
    {
        ["cframe"] = CFrame.new(9.775575638, 233.359573364, 44.828891754, 0.851062596, 0.097381197, -0.515955031, -0.129194140, 0.991278112, -0.026010854, 0.508921981, 0.088795230, 0.856220782),
        ["fov"] = 83.37187194824219
    },
    {
        ["cframe"] = CFrame.new(11.998640060, 233.022979736, 44.159965515, 0.868403912, 0.104557268, -0.484708875, -0.137858167, 0.989886761, -0.033456594, 0.476308763, 0.095874928, 0.874035597),
        ["fov"] = 82.78237915039062
    },
    {
        ["cframe"] = CFrame.new(14.499589920, 232.644317627, 43.407428741, 0.886443913, 0.112930633, -0.448847532, -0.147256687, 0.988198102, -0.042190149, 0.438785732, 0.103495009, 0.892611980),
        ["fov"] = 82.18827819824219
    },
    {
        ["cframe"] = CFrame.new(15.940492630, 232.483230591, 42.989822388, 0.895469308, 0.117774136, -0.429260135, -0.152335003, 0.987214327, -0.046924975, 0.418245137, 0.107411213, 0.901961207),
        ["fov"] = 81.78227996826172
    },
    {
        ["cframe"] = CFrame.new(17.155015945, 232.413482666, 42.656299591, 0.901991606, 0.121778116, -0.414223701, -0.156348020, 0.986412287, -0.050458707, 0.402450591, 0.110276371, 0.908775449),
        ["fov"] = 81.32506561279297
    },
    {
        ["cframe"] = CFrame.new(18.217718124, 232.352447510, 42.364471436, 0.907474101, 0.125319347, -0.400981456, -0.159806699, 0.985691845, -0.053603888, 0.388526529, 0.112723663, 0.914516687),
        ["fov"] = 80.79441833496094
    },
    {
        ["cframe"] = CFrame.new(21.509927750, 232.314666748, 40.965705872, 0.945284426, 0.145464912, -0.292023301, -0.166372731, 0.984896541, -0.047947053, 0.280638099, 0.093908317, 0.955208778),
        ["fov"] = 80.12537384033203
    },
    {
        ["cframe"] = CFrame.new(25.098924637, 232.281448364, 39.414772034, 0.972361028, 0.165218890, -0.164976224, -0.174331039, 0.983779430, -0.042271219, 0.155316204, 0.069863357, 0.985391438),
        ["fov"] = 79.54471588134766
    },
    {
        ["cframe"] = CFrame.new(28.239297867, 232.252380371, 38.057704926, 0.982331932, 0.179961935, -0.051361661, -0.182016134, 0.982539177, -0.038562220, 0.043525137, 0.047229558, 0.997935474),
        ["fov"] = 78.95540618896484
    },
    {
        ["cframe"] = CFrame.new(31.427381516, 232.239898682, 36.609317780, 0.980632782, 0.191015601, 0.043273117, -0.190483838, 0.981557727, -0.016133331, -0.045556773, 0.007578054, 0.998933077),
        ["fov"] = 78.2174301147461
    },
    {
        ["cframe"] = CFrame.new(33.164604187, 232.283370972, 35.611160278, 0.980698764, 0.188857794, 0.050624955, -0.191129804, 0.980552912, 0.044557586, -0.041225430, -0.053373508, 0.997723401),
        ["fov"] = 77.61164093017578
    },
    {
        ["cframe"] = CFrame.new(35.274024963, 232.336166382, 34.399135590, 0.970797598, 0.165846944, 0.173341066, -0.174879313, 0.983852684, 0.038095243, -0.164224103, -0.067296542, 0.984124959),
        ["fov"] = 76.72161102294922
    },
    {
        ["cframe"] = CFrame.new(36.576919556, 232.368774414, 33.650520325, 0.964671075, 0.183082119, 0.189449057, -0.189167574, 0.981839299, 0.014395773, -0.183372915, -0.049724806, 0.981785119),
        ["fov"] = 75.98107147216797
    },
    {
        ["cframe"] = CFrame.new(38.102073669, 232.410415649, 32.759513855, 0.957340300, 0.200556785, 0.208030567, -0.203311950, 0.979079008, -0.008278653, -0.205338687, -0.034369610, 0.978087425),
        ["fov"] = 75.21211242675781
    },
    {
        ["cframe"] = CFrame.new(39.657905579, 232.473587036, 31.762786865, 0.952807069, 0.200801298, 0.227678820, -0.206203669, 0.978509128, -0.000059567, -0.222797751, -0.046891451, 0.973736405),
        ["fov"] = 74.50250244140625
    },
    {
        ["cframe"] = CFrame.new(41.213729858, 232.536773682, 30.766069412, 0.947913229, 0.200804517, 0.247261658, -0.209242880, 0.977830529, 0.008053377, -0.240162835, -0.059371646, 0.968915403),
        ["fov"] = 73.71209716796875
    },
    {
        ["cframe"] = CFrame.new(42.769569397, 232.599945068, 29.769346237, 0.942659676, 0.200567245, 0.266769201, -0.212427169, 0.977045059, 0.016056210, -0.257425189, -0.071804576, 0.963626802),
        ["fov"] = 72.9972152709961
    },
    {
        ["cframe"] = CFrame.new(44.325401306, 232.663131714, 28.772624969, 0.937047601, 0.200090438, 0.286191970, -0.215754181, 0.976154149, 0.023944907, -0.274576277, -0.084184632, 0.957873166),
        ["fov"] = 72.2676773071289
    },
    {
        ["cframe"] = CFrame.new(45.962303162, 232.744033813, 27.662752151, 0.933698654, 0.199211895, 0.297525883, -0.218817651, 0.975181818, 0.033751443, -0.283418179, -0.096617579, 0.954117060),
        ["fov"] = 71.5319595336914
    },
    {
        ["cframe"] = CFrame.new(47.660011292, 232.838241577, 26.468017578, 0.932219267, 0.198108777, 0.302853525, -0.221635565, 0.974089265, 0.045029357, -0.286085695, -0.109100357, 0.951972783),
        ["fov"] = 70.6483383178711
    },
    {
        ["cframe"] = CFrame.new(49.357711792, 232.932434082, 25.273281097, 0.930715501, 0.196940184, 0.308193684, -0.224488363, 0.972850919, 0.056267701, -0.288745135, -0.121555120, 0.949658275),
        ["fov"] = 69.95465087890625
    },
    {
        ["cframe"] = CFrame.new(51.055419922, 233.026641846, 24.078548431, 0.929187179, 0.195705801, 0.313545346, -0.227376074, 0.971467376, 0.067464381, -0.291395873, -0.133979753, 0.947173834),
        ["fov"] = 69.14323425292969
    },
    {
        ["cframe"] = CFrame.new(52.753112793, 233.120834351, 22.883823395, 0.927633882, 0.194405258, 0.318907589, -0.230298668, 0.969938874, 0.078617103, -0.294037372, -0.146371886, 0.944519639),
        ["fov"] = 68.38842010498047
    },
    {
        ["cframe"] = CFrame.new(54.157997131, 233.163970947, 21.993015289, 0.925483763, 0.195851326, 0.324225545, -0.233940750, 0.968735874, 0.082597278, -0.297912121, -0.152291998, 0.942367017),
        ["fov"] = 67.60828399658203
    },
    {
        ["cframe"] = CFrame.new(55.211669922, 233.196319580, 21.324901581, 0.923850477, 0.196912050, 0.328216434, -0.236680225, 0.967812657, 0.085562967, -0.300803661, -0.156729743, 0.940719426),
        ["fov"] = 66.76264953613281
    },
    {
        ["cframe"] = CFrame.new(56.616561890, 233.239456177, 20.434093475, 0.921645343, 0.198294461, 0.333540589, -0.240343183, 0.966553926, 0.089491144, -0.304639310, -0.162643299, 0.938478708),
        ["fov"] = 66.01594543457031
    },
    {
        ["cframe"] = CFrame.new(57.548858643, 233.260284424, 19.856575012, 0.921165526, 0.194079369, 0.337323934, -0.237487853, 0.967008352, 0.092164494, -0.308307856, -0.165009096, 0.936866283),
        ["fov"] = 65.34870910644531
    },
    {
        ["cframe"] = CFrame.new(58.711013794, 233.280395508, 19.146934509, 0.921238899, 0.184959665, 0.342211902, -0.229953632, 0.968496382, 0.095582426, -0.313752085, -0.166747123, 0.934748709),
        ["fov"] = 64.36800384521484
    },
    {
        ["cframe"] = CFrame.new(59.727943420, 233.297988892, 18.525985718, 0.941318452, 0.148165420, 0.303260267, -0.192769125, 0.973541439, 0.122706451, -0.277055562, -0.173965052, 0.944974363),
        ["fov"] = 63.6922607421875
    },
    {
        ["cframe"] = CFrame.new(60.454376221, 233.310546875, 18.082427979, 0.968177736, 0.094070069, 0.231911421, -0.133817881, 0.977659941, 0.162091836, -0.211482510, -0.187967598, 0.959136844),
        ["fov"] = 63.070457458496094
    },
    {
        ["cframe"] = CFrame.new(61.471168518, 233.328140259, 17.461566925, 0.928021729, 0.153611809, 0.339381039, -0.202000469, 0.972963333, 0.111974910, -0.313004613, -0.172470272, 0.933960676),
        ["fov"] = 62.31520080566406
    },
    {
        ["cframe"] = CFrame.new(62.628257751, 233.341461182, 16.766788483, 0.921477318, 0.149611443, 0.358463675, -0.199949920, 0.973888040, 0.107526980, -0.333016187, -0.170758456, 0.927330554),
        ["fov"] = 61.56351852416992
    },
    {
        ["cframe"] = CFrame.new(63.808731079, 233.354049683, 16.059696198, 0.921807706, 0.135065749, 0.363356799, -0.186906308, 0.976046205, 0.111354038, -0.339612991, -0.170560673, 0.924971521),
        ["fov"] = 60.86315155029297
    },
    {
        ["cframe"] = CFrame.new(64.989196777, 233.366638184, 15.352607727, 0.921891987, 0.120509058, 0.368229479, -0.173875690, 0.978000879, 0.115245111, -0.346240669, -0.170269698, 0.922564864),
        ["fov"] = 60.134395599365234
    },
    {
        ["cframe"] = CFrame.new(66.001029968, 233.377441406, 14.746524811, 0.921768188, 0.108025871, 0.372389674, -0.162719801, 0.979514718, 0.118631080, -0.351945907, -0.169945523, 0.920463383),
        ["fov"] = 59.40047073364258
    },
    {
        ["cframe"] = CFrame.new(67.181488037, 233.390029907, 14.039436340, 0.921395183, 0.093458444, 0.377222180, -0.149723083, 0.981092393, 0.122640610, -0.358628035, -0.169479340, 0.917966723),
        ["fov"] = 58.63350296020508
    },
    {
        ["cframe"] = CFrame.new(68.361968994, 233.402618408, 13.332340240, 0.920776248, 0.078890331, 0.382031053, -0.136749610, 0.982467949, 0.126713708, -0.365336776, -0.168917567, 0.915421367),
        ["fov"] = 57.91179275512695
    },
    {
        ["cframe"] = CFrame.new(69.705986023, 233.410217285, 12.539093018, 0.920181155, 0.057736155, 0.387212336, -0.117165804, 0.984345913, 0.131662667, -0.373549283, -0.166521549, 0.912541330),
        ["fov"] = 57.33995819091797
    },
    {
        ["cframe"] = CFrame.new(71.049995422, 233.417816162, 11.745845795, 0.919077694, 0.036594559, 0.392373741, -0.097618945, 0.985788286, 0.136718929, -0.381794214, -0.163958430, 0.909588397),
        ["fov"] = 56.89213943481445
    },
    {
        ["cframe"] = CFrame.new(72.394012451, 233.425415039, 10.952598572, 0.917466700, 0.015476707, 0.397511840, -0.078119993, 0.986796200, 0.141882882, -0.390067279, -0.161226436, 0.906561553),
        ["fov"] = 56.39276123046875
    },
    {
        ["cframe"] = CFrame.new(73.738029480, 233.432998657, 10.159343719, 0.915348530, -0.005606291, 0.402623713, -0.058679882, 0.987371385, 0.147154808, -0.398364097, -0.158323854, 0.903459966),
        ["fov"] = 55.964603424072266
    },
    {
        ["cframe"] = CFrame.new(75.016647339, 233.438980103, 9.398757935, 0.913016200, -0.022522246, 0.407301307, -0.042726226, 0.987702489, 0.150392413, -0.405679733, -0.154713169, 0.900826275),
        ["fov"] = 55.575172424316406
    },
    {
        ["cframe"] = CFrame.new(76.208091736, 233.442779541, 8.681713104, 0.910804510, -0.033904634, 0.411443710, -0.031361017, 0.988060176, 0.150843367, -0.411645442, -0.150292099, 0.898866296),
        ["fov"] = 55.26652145385742
    },
    {
        ["cframe"] = CFrame.new(77.399536133, 233.446578979, 7.964664459, 0.908420086, -0.045250602, 0.415602714, -0.020013727, 0.988277853, 0.151348919, -0.417579561, -0.145806149, 0.896865726),
        ["fov"] = 54.99448013305664
    },
    {
        ["cframe"] = CFrame.new(78.420761108, 233.449829102, 7.350055695, 0.906239212, -0.054945059, 0.419179738, -0.010303281, 0.988353431, 0.151826009, -0.422639847, -0.141909614, 0.895118594),
        ["fov"] = 54.746559143066406
    },
    {
        ["cframe"] = CFrame.new(79.590393066, 233.453079224, 6.643901825, 0.904888630, -0.068181843, 0.420152456, 0.000390641, 0.987219989, 0.159363538, -0.425648570, -0.144042104, 0.893350661),
        ["fov"] = 54.48735809326172
    },
    {
        ["cframe"] = CFrame.new(80.546203613, 233.454711914, 6.061950684, 0.906443417, -0.083659969, 0.413958341, 0.008283757, 0.983516574, 0.180627435, -0.422246248, -0.160299435, 0.892195225),
        ["fov"] = 54.259090423583984
    },
    {
        ["cframe"] = CFrame.new(81.820648193, 233.456863403, 5.286014557, 0.905383885, -0.093654312, 0.414136440, 0.017342076, 0.982713044, 0.184321076, -0.424239784, -0.159699351, 0.891356766),
        ["fov"] = 53.986995697021484
    },
    {
        ["cframe"] = CFrame.new(82.617202759, 233.458221436, 4.801040649, 0.902860820, -0.093246475, 0.419699490, 0.022097878, 0.984971285, 0.171298280, -0.429364979, -0.145384029, 0.891352534),
        ["fov"] = 53.802574157714844
    },
    {
        ["cframe"] = CFrame.new(83.573066711, 233.459854126, 4.219070435, 0.899770200, -0.092650414, 0.426414877, 0.027890958, 0.987412095, 0.155690357, -0.435471982, -0.128192440, 0.891028106),
        ["fov"] = 53.63997268676758
    },
    {
        ["cframe"] = CFrame.new(84.528930664, 233.461471558, 3.637104034, 0.896659911, -0.096386567, 0.432100743, 0.033784099, 0.988063693, 0.150296450, -0.441429496, -0.120166659, 0.889213324),
        ["fov"] = 53.4510612487793
    },
    {
        ["cframe"] = CFrame.new(85.644111633, 233.463378906, 2.958141327, 0.892955840, -0.101718746, 0.438501269, 0.040682375, 0.988384128, 0.146429762, -0.448302388, -0.112916037, 0.886721551),
        ["fov"] = 53.26262664794922
    },
    {
        ["cframe"] = CFrame.new(86.599983215, 233.465011597, 2.376171112, 0.889706731, -0.106239371, 0.443999290, 0.046605993, 0.988601685, 0.143159598, -0.454147547, -0.106677040, 0.884516954),
        ["fov"] = 53.05862808227539
    },
    {
        ["cframe"] = CFrame.new(87.715148926, 233.466903687, 1.697212219, 0.885830164, -0.111454591, 0.450425357, 0.053528741, 0.988788843, 0.139396399, -0.460911930, -0.099370822, 0.881864905),
        ["fov"] = 52.882869720458984
    },
    {
        ["cframe"] = CFrame.new(88.786735535, 233.467712402, 1.040019989, 0.883020759, -0.116021954, 0.454767495, 0.058598444, 0.988635123, 0.138443798, -0.465661705, -0.095600091, 0.879784048),
        ["fov"] = 52.69283676147461
    },
    {
        ["cframe"] = CFrame.new(89.677215576, 233.467712402, 0.490703583, 0.881323993, -0.119544484, 0.457140416, 0.061741807, 0.988307297, 0.139414832, -0.468461514, -0.094644971, 0.878399789),
        ["fov"] = 52.52116775512695
    },
    {
        ["cframe"] = CFrame.new(90.567703247, 233.467712402, -0.058612823, 0.879606903, -0.123060517, 0.459508449, 0.064878434, 0.987967670, 0.140394151, -0.471256495, -0.093679473, 0.877007246),
        ["fov"] = 52.34598159790039
    },
    {
        ["cframe"] = CFrame.new(91.606597900, 233.467712402, -0.699481964, 0.877577782, -0.127154261, 0.462265253, 0.068529189, 0.987556696, 0.141547143, -0.474511445, -0.092539981, 0.875371635),
        ["fov"] = 52.163246154785156
    },
    {
        ["cframe"] = CFrame.new(92.497077942, 233.467712402, -1.248794556, 0.875816286, -0.130656004, 0.464623302, 0.071650922, 0.987191379, 0.142544389, -0.477296531, -0.091552019, 0.873960078),
        ["fov"] = 52.0082893371582
    },
    {
        ["cframe"] = CFrame.new(93.535964966, 233.467712402, -1.889659882, 0.873735845, -0.134732872, 0.467367977, 0.075284161, 0.986750841, 0.143718272, -0.480539292, -0.090386420, 0.872302890),
        ["fov"] = 51.8236083984375
    },
    {
        ["cframe"] = CFrame.new(94.574874878, 233.467712402, -2.530532837, 0.871627867, -0.138800502, 0.470105767, 0.078907803, 0.986294389, 0.144903347, -0.483775347, -0.089206778, 0.870634139),
        ["fov"] = 51.643272399902344
    },
    {
        ["cframe"] = CFrame.new(95.613754272, 233.467712402, -3.171390533, 0.869492412, -0.142858729, 0.472836912, 0.082521737, 0.985822201, 0.146099567, -0.487004638, -0.088013113, 0.868953705),
        ["fov"] = 51.479454040527344
    },
    {
        ["cframe"] = CFrame.new(96.504241943, 233.467712402, -3.720714569, 0.867639959, -0.146329671, 0.475172490, 0.085611582, 0.985404730, 0.147133783, -0.489767134, -0.086978875, 0.867504001),
        ["fov"] = 51.32099914550781
    },
    {
        ["cframe"] = CFrame.new(97.543121338, 233.467712402, -4.361572266, 0.865453482, -0.150370210, 0.477890521, 0.089207225, 0.984903216, 0.148350686, -0.492983460, -0.085759312, 0.865801871),
        ["fov"] = 51.122318267822266
    },
    {
        ["cframe"] = CFrame.new(98.433616638, 233.467712402, -4.910892487, 0.863557637, -0.153825790, 0.480214775, 0.092281222, 0.984460890, 0.149402559, -0.495734632, -0.084702887, 0.864333808),
        ["fov"] = 50.96062469482422
    },
    {
        ["cframe"] = CFrame.new(99.472511292, 233.467712402, -5.551761627, 0.861320376, -0.157848194, 0.482919782, 0.095858164, 0.983930409, 0.150639996, -0.498937607, -0.083457492, 0.862610281),
        ["fov"] = 50.77804946899414
    },
    {
        ["cframe"] = CFrame.new(100.362991333, 233.467727661, -6.101078033, 0.859380960, -0.161288083, 0.485232651, 0.098915979, 0.983463168, 0.151709452, -0.501677334, -0.082378961, 0.861123562),
        ["fov"] = 50.66081237792969
    },
    {
        ["cframe"] = CFrame.new(101.253471375, 233.467727661, -6.650386810, 0.857421875, -0.164720595, 0.487539977, 0.101966232, 0.982984900, 0.152786970, -0.504411519, -0.081290260, 0.859628618),
        ["fov"] = 50.49418640136719
    },
    {
        ["cframe"] = CFrame.new(102.143951416, 233.467727661, -7.199703217, 0.855442703, -0.168145671, 0.489841789, 0.105008863, 0.982494950, 0.153872550, -0.507140100, -0.080191426, 0.858124912),
        ["fov"] = 50.33303451538086
    },
    {
        ["cframe"] = CFrame.new(103.034446716, 233.467727661, -7.749027252, 0.853443682, -0.171563253, 0.492138356, 0.108043760, 0.981993854, 0.154966190, -0.509863377, -0.079082444, 0.856612802),
        ["fov"] = 50.17229461669922
    },
    {
        ["cframe"] = CFrame.new(103.924926758, 233.467727661, -8.298343658, 0.851424813, -0.174973235, 0.494429141, 0.111070879, 0.981481433, 0.156067818, -0.512580812, -0.077963352, 0.855092168),
        ["fov"] = 50.0193977355957
    },
    {
        ["cframe"] = CFrame.new(104.815406799, 233.467727661, -8.847652435, 0.849386573, -0.178375602, 0.496714294, 0.114090189, 0.980958283, 0.157177493, -0.515292466, -0.076834202, 0.853563488),
        ["fov"] = 49.858768463134766
    },
    {
        ["cframe"] = CFrame.new(105.854293823, 233.467727661, -9.488521576, 0.846983075, -0.182335243, 0.499373317, 0.117602699, 0.980333090, 0.158482194, -0.518449128, -0.075504079, 0.851768732),
        ["fov"] = 49.686458587646484
    },
    {
        ["cframe"] = CFrame.new(106.596351624, 233.467727661, -9.946277618, 0.845250368, -0.185156986, 0.501267374, 0.120104998, 0.979877472, 0.159420684, -0.520698428, -0.074545689, 0.850480139),
        ["fov"] = 49.55290985107422
    },
    {
        ["cframe"] = CFrame.new(107.486839294, 233.467727661, -10.495601654, 0.843152761, -0.188535914, 0.503535330, 0.123100333, 0.979320347, 0.160554171, -0.523392677, -0.073386349, 0.848925591),
        ["fov"] = 49.40348815917969
    },
    {
        ["cframe"] = CFrame.new(108.377311707, 233.467727661, -11.044902802, 0.841035664, -0.191906840, 0.505797327, 0.126087531, 0.978752434, 0.161695555, -0.526080906, -0.072217010, 0.847362876),
        ["fov"] = 49.25049591064453
    },
    {
        ["cframe"] = CFrame.new(109.124519348, 233.467727661, -11.519161224, 0.839379430, -0.194266602, 0.507644653, 0.128269866, 0.978366852, 0.162312180, -0.528194487, -0.071126007, 0.846139550),
        ["fov"] = 49.073638916015625
    },
    {
        ["cframe"] = CFrame.new(109.871726990, 233.467727661, -11.993412018, 0.837712288, -0.196621284, 0.509488404, 0.130448133, 0.977975368, 0.162933603, -0.530303299, -0.070029661, 0.844910920),
        ["fov"] = 48.937400817871094
    },
    {
        ["cframe"] = CFrame.new(110.618934631, 233.467727661, -12.467670441, 0.836034119, -0.198971003, 0.511329234, 0.132622302, 0.977578342, 0.163559914, -0.532408059, -0.068928033, 0.843676865),
        ["fov"] = 48.77061462402344
    },
    {
        ["cframe"] = CFrame.new(111.366142273, 233.467727661, -12.941921234, 0.834345281, -0.201315641, 0.513166726, 0.134792358, 0.977175474, 0.164191037, -0.534508288, -0.067821108, 0.842437744),
        ["fov"] = 48.63017272949219
    },
    {
        ["cframe"] = CFrame.new(112.113365173, 233.467742920, -13.416179657, 0.832645416, -0.203655303, 0.515001357, 0.136958271, 0.976767480, 0.164827093, -0.536604404, -0.066708840, 0.841193199),
        ["fov"] = 48.47814178466797
    },
    {
        ["cframe"] = CFrame.new(112.860572815, 233.467742920, -13.890438080, 0.830934882, -0.205989808, 0.516832411, 0.139120013, 0.976353586, 0.165467918, -0.538695812, -0.065591305, 0.839943409),
        ["fov"] = 48.33460235595703
    },
    {
        ["cframe"] = CFrame.new(113.607780457, 233.467742920, -14.364688873, 0.829213321, -0.208319202, 0.518660426, 0.141277552, 0.975933969, 0.166113585, -0.540782928, -0.064468533, 0.838688314),
        ["fov"] = 48.170894622802734
    },
    {
        ["cframe"] = CFrame.new(114.354972839, 233.467742920, -14.838932037, 0.827481031, -0.210643440, 0.520485044, 0.143430844, 0.975508749, 0.166764081, -0.542865515, -0.063340485, 0.837427735),
        ["fov"] = 48.023101806640625
    },
    {
        ["cframe"] = CFrame.new(115.226722717, 233.467742920, -15.392230988, 0.825446367, -0.213348582, 0.522609830, 0.145937696, 0.975005805, 0.167529106, -0.545289695, -0.062017825, 0.835950613),
        ["fov"] = 47.83137893676758
    },
    {
        ["cframe"] = CFrame.new(115.854499817, 233.467742920, -15.803913116, 0.824104846, -0.214811087, 0.524125636, 0.147401050, 0.974750578, 0.167733237, -0.546922624, -0.060973089, 0.834959984),
        ["fov"] = 47.70618438720703
    },
    {
        ["cframe"] = CFrame.new(116.458427429, 233.467742920, -16.203098297, 0.822840691, -0.216100588, 0.525579572, 0.148726791, 0.974529147, 0.167848751, -0.548464835, -0.059945017, 0.834022224),
        ["fov"] = 47.547847747802734
    },
    {
        ["cframe"] = CFrame.new(117.062339783, 233.467742920, -16.602275848, 0.821571827, -0.217387408, 0.527032077, 0.150051281, 0.974305928, 0.167966843, -0.550004303, -0.058914986, 0.833081424),
        ["fov"] = 47.381351470947266
    },
    {
        ["cframe"] = CFrame.new(117.666267395, 233.467742920, -17.001453400, 0.820297778, -0.218671367, 0.528483212, 0.151374400, 0.974080205, 0.168087408, -0.551540971, -0.057882920, 0.832137167),
        ["fov"] = 47.2263298034668
    },
    {
        ["cframe"] = CFrame.new(118.160194397, 233.467742920, -17.370990753, 0.819572926, -0.219481766, 0.529271603, 0.151562914, 0.973866284, 0.169155136, -0.552566171, -0.058416989, 0.831419587),
        ["fov"] = 47.07371520996094
    },
    {
        ["cframe"] = CFrame.new(118.632148743, 233.467742920, -17.734600067, 0.818956792, -0.220198333, 0.529927015, 0.151523590, 0.973653197, 0.170411274, -0.553489447, -0.059263032, 0.830745161),
        ["fov"] = 46.9268798828125
    },
    {
        ["cframe"] = CFrame.new(119.104118347, 233.467727661, -18.098209381, 0.818339944, -0.220915422, 0.530580938, 0.151482910, 0.973439038, 0.171666831, -0.554412007, -0.060107876, 0.830068946),
        ["fov"] = 46.75789260864258
    },
    {
        ["cframe"] = CFrame.new(119.654685974, 233.467727661, -18.522403717, 0.817619085, -0.221752509, 0.531342566, 0.151433408, 0.973187268, 0.173131004, -0.555488050, -0.061092217, 0.829277337),
        ["fov"] = 46.57170486450195
    },
    {
        ["cframe"] = CFrame.new(119.994789124, 233.467727661, -18.850460052, 0.817685902, -0.221519366, 0.531337082, 0.150022551, 0.973103344, 0.174822941, -0.555772543, -0.063237689, 0.828925788),
        ["fov"] = 46.425270080566406
    },
    {
        ["cframe"] = CFrame.new(120.334892273, 233.467727661, -19.178531647, 0.817751706, -0.221286401, 0.531333029, 0.148611203, 0.973014712, 0.176514238, -0.556055069, -0.065382741, 0.828570008),
        ["fov"] = 46.284080505371094
    },
    {
        ["cframe"] = CFrame.new(120.731681824, 233.467727661, -19.561275482, 0.817826807, -0.221014708, 0.531330407, 0.146963865, 0.972904980, 0.178486541, -0.556382179, -0.067884706, 0.828149021),
        ["fov"] = 46.1084098815918
    },
    {
        ["cframe"] = CFrame.new(121.054908752, 233.467742920, -19.875522614, 0.817908645, -0.220887035, 0.531257570, 0.145590425, 0.972774446, 0.180314735, -0.556622922, -0.070134960, 0.827799618),
        ["fov"] = 45.93985366821289
    },
    {
        ["cframe"] = CFrame.new(121.294013977, 233.467742920, -20.120845795, 0.818081975, -0.221283555, 0.530825436, 0.144412294, 0.972479880, 0.182833493, -0.556675076, -0.072915033, 0.827524245),
        ["fov"] = 45.79289627075195
    },
    {
        ["cframe"] = CFrame.new(121.568626404, 233.467758179, -20.412349701, 0.818365693, -0.221320853, 0.530372381, 0.142947614, 0.972258151, 0.185148373, -0.556636095, -0.075703621, 0.827300072),
        ["fov"] = 45.651039123535156
    },
    {
        ["cframe"] = CFrame.new(121.794776917, 233.467758179, -20.673587799, 0.818784714, -0.220443860, 0.530090868, 0.141499236, 0.972346127, 0.185798883, -0.556389928, -0.077121831, 0.827334762),
        ["fov"] = 45.54971694946289
    },
    {
        ["cframe"] = CFrame.new(122.020942688, 233.467773438, -20.934825897, 0.819201827, -0.219566092, 0.529810667, 0.140050650, 0.972431183, 0.186449930, -0.556142449, -0.078539789, 0.827367783),
        ["fov"] = 45.4608039855957
    },
    {
        ["cframe"] = CFrame.new(122.247093201, 233.467773438, -21.196063995, 0.819617212, -0.218687609, 0.529531598, 0.138601884, 0.972513676, 0.187101498, -0.555893421, -0.079957485, 0.827399373),
        ["fov"] = 45.38396072387695
    },
    {
        ["cframe"] = CFrame.new(122.473258972, 233.467773438, -21.457302094, 0.820030570, -0.217808202, 0.529253781, 0.137152880, 0.972593188, 0.187753454, -0.555642903, -0.081374913, 0.827429295),
        ["fov"] = 45.32030487060547
    },
    {
        ["cframe"] = CFrame.new(122.734931946, 233.467788696, -21.764736176, 0.820551038, -0.216569170, 0.528955519, 0.135416791, 0.972749591, 0.188203320, -0.555300355, -0.082801007, 0.827517748),
        ["fov"] = 45.25907516479492
    },
    {
        ["cframe"] = CFrame.new(122.983711243, 233.467773438, -22.088153839, 0.821307838, -0.214058369, 0.528803051, 0.133407623, 0.973299921, 0.186788306, -0.554667473, -0.082864329, 0.827935815),
        ["fov"] = 45.21476745605469
    },
    {
        ["cframe"] = CFrame.new(123.177970886, 233.469940186, -22.358043671, 0.822079003, -0.211234987, 0.528740227, 0.131672576, 0.973992586, 0.184393093, -0.553939342, -0.081965066, 0.828512669),
        ["fov"] = 45.18045425415039
    },
    {
        ["cframe"] = CFrame.new(123.334312439, 233.476440430, -22.613330841, 0.823094964, -0.207070693, 0.528806746, 0.129909351, 0.975118279, 0.179632202, -0.552845716, -0.079157427, 0.829515398),
        ["fov"] = 45.15122985839844
    },
    {
        ["cframe"] = CFrame.new(123.516716003, 233.484024048, -22.911167145, 0.824264586, -0.202208683, 0.528866529, 0.127841428, 0.976399243, 0.174072713, -0.551583827, -0.075870924, 0.830661952),
        ["fov"] = 45.12447738647461
    },
    {
        ["cframe"] = CFrame.new(123.650276184, 233.500091553, -23.211414337, 0.831514478, -0.194799513, 0.520227849, 0.125723571, 0.978191555, 0.165331930, -0.541089118, -0.072071001, 0.837871492),
        ["fov"] = 45.101318359375
    },
    {
        ["cframe"] = CFrame.new(123.660209656, 233.532028198, -23.473957062, 0.850114882, -0.183041438, 0.493761778, 0.123467915, 0.980791092, 0.151011080, -0.511918485, -0.067413040, 0.856384933),
        ["fov"] = 45.08391189575195
    },
    {
        ["cframe"] = CFrame.new(123.670112610, 233.563964844, -23.736492157, 0.867706120, -0.171354860, 0.466609031, 0.120679811, 0.983239353, 0.136663094, -0.482206285, -0.062273104, 0.873841822),
        ["fov"] = 45.07130432128906
    },
    {
        ["cframe"] = CFrame.new(123.681694031, 233.601226807, -24.042789459, 0.886925340, -0.157834783, 0.434110522, 0.116753764, 0.985894978, 0.119915657, -0.446914256, -0.055672176, 0.892842948),
        ["fov"] = 45.057884216308594
    },
    {
        ["cframe"] = CFrame.new(123.693275452, 233.638504028, -24.349094391, 0.904712141, -0.144464344, 0.400781900, 0.112103507, 0.988324225, 0.103188813, -0.411009550, -0.048427116, 0.910344005),
        ["fov"] = 45.04838943481445
    },
    {
        ["cframe"] = CFrame.new(123.704856873, 233.675765991, -24.655384064, 0.921039045, -0.131271377, 0.366681248, 0.106731191, 0.990516961, 0.086513646, -0.374560773, -0.040546112, 0.926315606),
        ["fov"] = 45.03879165649414
    },
    {
        ["cframe"] = CFrame.new(123.696403503, 233.709396362, -24.907123566, 0.934735417, -0.119839914, 0.334526688, 0.101484910, 0.992236316, 0.071886547, -0.340544492, -0.033245496, 0.939640462),
        ["fov"] = 45.03245162963867
    },
    {
        ["cframe"] = CFrame.new(123.579505920, 233.758483887, -25.137882233, 0.953534782, -0.105131350, 0.282345533, 0.094022885, 0.994176984, 0.052648555, -0.286236435, -0.023655292, 0.957867026),
        ["fov"] = 45.02708435058594
    },
    {
        ["cframe"] = CFrame.new(123.479316711, 233.800567627, -25.335666656, 0.967127144, -0.092852846, 0.236735359, 0.086684532, 0.995572090, 0.036355965, -0.239062935, -0.014639551, 0.970893800),
        ["fov"] = 45.02195358276367
    },
    {
        ["cframe"] = CFrame.new(123.345726013, 233.856658936, -25.599391937, 0.981574893, -0.077024892, 0.174865633, 0.075565621, 0.997027993, 0.014998101, -0.175501138, -0.001507928, 0.984478176),
        ["fov"] = 45.017539978027344
    },
    {
        ["cframe"] = CFrame.new(123.245552063, 233.898742676, -25.797191620, 0.989624321, -0.065611050, 0.127824754, 0.066242173, 0.997803390, -0.000687942, -0.127498820, 0.009148195, 0.991796732),
        ["fov"] = 45.0143928527832
    },
    {
        ["cframe"] = CFrame.new(123.111961365, 233.954833984, -26.060909271, 0.996611238, -0.051073264, 0.064480923, 0.052528329, 0.998397052, -0.021074867, -0.063301191, 0.024390524, 0.997696519),
        ["fov"] = 45.0117301940918
    },
    {
        ["cframe"] = CFrame.new(123.013755798, 233.982818604, -26.262859344, 0.999136388, -0.041166458, 0.005654969, 0.041333899, 0.998578846, -0.033643246, -0.004261938, 0.033847935, 0.999418020),
        ["fov"] = 45.00957489013672
    },
    {
        ["cframe"] = CFrame.new(122.940467834, 233.982681274, -26.426425934, 0.997766674, -0.034384109, -0.057267655, 0.032153357, 0.998704910, -0.039429318, 0.058549274, 0.037499908, 0.997580051),
        ["fov"] = 45.00782775878906
    },
    {
        ["cframe"] = CFrame.new(122.867179871, 233.982543945, -26.589992523, 0.992386699, -0.027786190, -0.119987167, 0.022560406, 0.998745918, -0.044693902, 0.121078573, 0.041646671, 0.991769075),
        ["fov"] = 45.00639724731445
    },
    {
        ["cframe"] = CFrame.new(122.793891907, 233.982391357, -26.753559113, 0.983019114, -0.021406250, -0.182250842, 0.012587132, 0.998699248, -0.049410000, 0.183071479, 0.046276961, 0.982009947),
        ["fov"] = 45.005043029785156
    },
    {
        ["cframe"] = CFrame.new(122.720603943, 233.982254028, -26.917133331, 0.969703138, -0.015277196, -0.243808568, 0.002267346, 0.998562455, -0.053552605, 0.244276315, 0.051377330, 0.968343794),
        ["fov"] = 45.004173278808594
    },
    {
        ["cframe"] = CFrame.new(122.678031921, 233.980957031, -27.031398773, 0.959111631, -0.010531882, -0.282832712, -0.005090280, 0.998503923, -0.054443032, 0.282982975, 0.053656634, 0.957623005),
        ["fov"] = 45.00333786010742
    },
    {
        ["cframe"] = CFrame.new(122.640571594, 233.979476929, -27.137470245, 0.948126793, -0.006032886, -0.317835659, -0.011959516, 0.998435199, -0.054627549, 0.317667872, 0.055594999, 0.946570933),
        ["fov"] = 45.0028076171875
    },
    {
        ["cframe"] = CFrame.new(122.603111267, 233.977996826, -27.243534088, 0.935845435, -0.001586288, -0.352407515, -0.018857893, 0.998331726, -0.054572374, 0.351906151, 0.057716966, 0.934254289),
        ["fov"] = 45.002227783203125
    },
    {
        ["cframe"] = CFrame.new(122.583503723, 233.985748291, -27.320728302, 0.927299976, 0.002292334, -0.374312311, -0.023861397, 0.998309374, -0.052999090, 0.373558044, 0.058077671, 0.925786972),
        ["fov"] = 45.00187301635742
    },
    {
        ["cframe"] = CFrame.new(122.563880920, 233.993499756, -27.397930145, 0.918228269, 0.006172899, -0.396003813, -0.028839428, 0.998266280, -0.051310055, 0.395000577, 0.058534861, 0.916814387),
        ["fov"] = 45.00149917602539
    },
    {
        ["cframe"] = CFrame.new(122.547050476, 234.000137329, -27.464092255, 0.910037339, 0.009498810, -0.414417744, -0.033083942, 0.998212576, -0.049770530, 0.413204223, 0.059003614, 0.908725023),
        ["fov"] = 45.001258850097656
    },
    {
        ["cframe"] = CFrame.new(122.534919739, 234.014282227, -27.535869598, 0.901814342, 0.013688659, -0.431907088, -0.037638970, 0.998187721, -0.046953402, 0.430481613, 0.058599789, 0.900695205),
        ["fov"] = 45.000999450683594
    },
    {
        ["cframe"] = CFrame.new(122.533287048, 234.031265259, -27.584285736, 0.897265613, 0.017156139, -0.441157997, -0.040658601, 0.998209298, -0.043875780, 0.439615250, 0.057305090, 0.896356344),
        ["fov"] = 45.000797271728516
    },
    {
        ["cframe"] = CFrame.new(122.531669617, 234.048248291, -27.632709503, 0.892613292, 0.020640567, -0.450350612, -0.043649748, 0.998214900, -0.040765200, 0.448705316, 0.056045249, 0.891920865),
        ["fov"] = 45.0949821472168
    },
    {
        ["cframe"] = CFrame.new(123.649345398, 234.062805176, -28.324382782, 0.989115536, 0.022196470, 0.145458534, -0.014147984, 0.998323023, -0.056134611, -0.146460563, 0.053465672, 0.987770796),
        ["fov"] = 45.22967529296875
    },
    {
        ["cframe"] = CFrame.new(127.112831116, 234.082214355, -30.225376129, -0.420544833, 0.032164123, 0.906701624, 0.046916291, 0.998805165, -0.013670754, -0.906058013, 0.036789913, -0.421551406),
        ["fov"] = 45.46022415161133
    },
    {
        ["cframe"] = CFrame.new(127.338661194, 234.121017456, -30.134105682, -0.414358109, 0.021983907, 0.909848511, 0.020994529, 0.999672949, -0.014593052, -0.909871876, 0.013055091, -0.414684236),
        ["fov"] = 45.668792724609375
    },
    {
        ["cframe"] = CFrame.new(127.570167542, 234.159576416, -30.045360565, -0.407142818, 0.011869904, 0.913287520, -0.005132504, 0.999870002, -0.015283274, -0.913350165, -0.010909928, -0.407029003),
        ["fov"] = 45.991943359375
    },
    {
        ["cframe"] = CFrame.new(127.783668518, 234.194061279, -29.967746735, -0.399711579, 0.002844196, 0.916636705, -0.028834956, 0.999461591, -0.015675057, -0.916187465, -0.032696679, -0.399414241),
        ["fov"] = 46.41429901123047
    },
    {
