return {
    {
        ["cframe"] = CFrame.new(-11.217033386, 233.162200928, 48.151233673, 0.878864527, 0.001231141, 0.477069855, -0.001613537, 0.999998629, 0.000391852, -0.477068722, -0.001114154, 0.878865302),
        ["fov"] = 70
    },
    {
        ["cframe"] = CFrame.new(-11.217033386, 233.162200928, 48.151233673, 0.878864527, 0.001231141, 0.477069855, -0.001613537, 0.999998629, 0.000391852, -0.477068722, -0.001114154, 0.878865302),
        ["fov"] = 67.3804702758789
    },
    {
        ["cframe"] = CFrame.new(-11.217033386, 233.162200928, 48.151233673, 0.878864527, 0.001231141, 0.477069855, -0.001613537, 0.999998629, 0.000391852, -0.477068722, -0.001114154, 0.878865302),
        ["fov"] = 64.20945739746094
    },
    {
        ["cframe"] = CFrame.new(-11.217033386, 233.162200928, 48.151233673, 0.878864527, 0.001231141, 0.477069855, -0.001613537, 0.999998629, 0.000391852, -0.477068722, -0.001114154, 0.878865302),
        ["fov"] = 63.1267204284668
    },
    {
        ["cframe"] = CFrame.new(-11.217033386, 233.162200928, 48.151233673, 0.878864527, 0.001231141, 0.477069855, -0.001613537, 0.999998629, 0.000391852, -0.477068722, -0.001114154, 0.878865302),
        ["fov"] = 61.08791732788086
    },
    {
        ["cframe"] = CFrame.new(-11.217033386, 233.162200928, 48.151233673, 0.878864527, 0.001231141, 0.477069855, -0.001613537, 0.999998629, 0.000391852, -0.477068722, -0.001114154, 0.878865302),
        ["fov"] = 59.3837776184082
    },
    {
        ["cframe"] = CFrame.new(-10.619260788, 233.079284668, 48.526500702, 0.855143607, 0.007270050, 0.518340111, -0.010632516, 0.999937296, 0.003516470, -0.518282056, -0.008518350, 0.855167329),
        ["fov"] = 55.9249382019043
    },
    {
        ["cframe"] = CFrame.new(-9.944496155, 232.998840332, 48.709030151, 0.816683412, 0.015794085, 0.576869786, -0.023852583, 0.999695003, 0.006397862, -0.576592863, -0.018984867, 0.816811025),
        ["fov"] = 51.60477066040039
    },
    {
        ["cframe"] = CFrame.new(-10.161853790, 233.068405151, 47.849357605, 0.798075378, 0.020188721, 0.602219284, -0.029091911, 0.999563992, 0.005044031, -0.601854861, -0.021545235, 0.798314750),
        ["fov"] = 51.575531005859375
    },
    {
        ["cframe"] = CFrame.new(-10.451663017, 233.161163330, 46.703132629, 0.772009909, 0.025917234, 0.635081887, -0.036006328, 0.999347091, 0.002986893, -0.634589791, -0.025172882, 0.772439063),
        ["fov"] = 54.792449951171875
    },
    {
        ["cframe"] = CFrame.new(-10.705245972, 233.242340088, 45.700187683, 0.748060107, 0.030799344, 0.662915885, -0.041980721, 0.999117970, 0.000953246, -0.662301838, -0.028542774, 0.748693287),
        ["fov"] = 57.62941360473633
    },
    {
        ["cframe"] = CFrame.new(-10.922602654, 233.311904907, 44.840518951, 0.726709008, 0.034881752, 0.686059177, -0.047038954, 0.998892605, -0.000961276, -0.685333014, -0.031572942, 0.727545083),
        ["fov"] = 59.768226623535156
    },
    {
        ["cframe"] = CFrame.new(-11.275587082, 233.381622314, 43.958980560, 0.702440739, 0.038851656, 0.710681140, -0.052025974, 0.998640776, -0.003171157, -0.709838331, -0.034746319, 0.703507125),
        ["fov"] = 62.41584396362305
    },
    {
        ["cframe"] = CFrame.new(-11.927067757, 233.474761963, 42.754432678, 0.665712774, 0.043940619, 0.744913161, -0.058530208, 0.998264015, -0.006577988, -0.743909001, -0.039220877, 0.667128980),
        ["fov"] = 66.32557678222656
    },
    {
        ["cframe"] = CFrame.new(-12.497114182, 233.556259155, 41.700454712, 0.632177711, 0.048203416, 0.773322523, -0.064077079, 0.997896612, -0.009819865, -0.772169352, -0.043344349, 0.633936763),
        ["fov"] = 69.443359375
    },
    {
        ["cframe"] = CFrame.new(-12.853242874, 233.582672119, 41.043281555, 0.609482706, 0.029885594, 0.792235911, -0.066560388, 0.997690141, 0.013570252, -0.790000439, -0.061002363, 0.610064030),
        ["fov"] = 72.5001220703125
    },
    {
        ["cframe"] = CFrame.new(-13.191448212, 233.588119507, 40.420219421, 0.573638678, -0.008934342, 0.819059670, -0.052691337, 0.997466981, 0.047783453, -0.817411900, -0.070567787, 0.571714878),
        ["fov"] = 76.22949981689453
    },
    {
        ["cframe"] = CFrame.new(-13.529657364, 233.593582153, 39.797153473, 0.517504215, -0.052475065, 0.854070127, -0.018516213, 0.997197330, 0.072488442, -0.855480313, -0.053327225, 0.515082181),
        ["fov"] = 78.59252166748047
    },
    {
        ["cframe"] = CFrame.new(-13.964489937, 233.600585938, 38.996082306, 0.828643143, 0.004653702, 0.559757948, -0.056516308, 0.995551407, 0.075387627, -0.556916952, -0.094104894, 0.825219810),
        ["fov"] = 81.2120132446289
    },
    {
        ["cframe"] = CFrame.new(-14.206068039, 233.604492188, 38.551025391, 0.703298867, 0.018100347, 0.710663855, -0.072035991, 0.996344745, 0.045912929, -0.707235098, -0.083483882, 0.702032030),
        ["fov"] = 82.1122817993164
    },
    {
        ["cframe"] = CFrame.new(-14.548456192, 233.604202271, 37.920272827, 0.671134174, 0.047563009, 0.739808500, -0.076092549, 0.997088552, 0.004925290, -0.737420380, -0.059599448, 0.672799468),
        ["fov"] = 83.17826080322266
    },
    {
        ["cframe"] = CFrame.new(-14.822366714, 233.603973389, 37.415672302, 0.661961734, 0.061340157, 0.747023463, -0.078179337, 0.996860027, -0.012577673, -0.745449305, -0.050075851, 0.664678693),
        ["fov"] = 83.70130920410156
    },
    {
        ["cframe"] = CFrame.new(-15.164747238, 233.603698730, 36.784931183, 0.713916600, 0.040505093, 0.699058294, -0.079223596, 0.996587753, 0.023162825, -0.695734680, -0.071918234, 0.714689434),
        ["fov"] = 84.24381256103516
    },
    {
        ["cframe"] = CFrame.new(-15.507133484, 233.603424072, 36.154182434, 0.726032019, 0.040064432, 0.686492741, -0.079159290, 0.996534228, 0.025559761, -0.683089495, -0.072899483, 0.726687253),
        ["fov"] = 84.78873443603516
    },
    {
        ["cframe"] = CFrame.new(-15.895171165, 233.603103638, 35.439331055, 0.718135059, 0.050909236, 0.694039166, -0.079294436, 0.996811271, 0.008929226, -0.691371441, -0.061445829, 0.719881952),
        ["fov"] = 85.09001922607422
    },
    {
        ["cframe"] = CFrame.new(-16.293756485, 233.610549927, 34.720188141, 0.738237381, 0.043764003, 0.673119724, -0.078953333, 0.996640086, 0.021793049, -0.669904351, -0.069233499, 0.739212334),
        ["fov"] = 85.2845230102539
    },
    {
        ["cframe"] = CFrame.new(-16.620788574, 233.620010376, 34.136634827, 0.744512737, 0.041437428, 0.666320980, -0.078419320, 0.996590495, 0.025645368, -0.662986517, -0.071345747, 0.745223939),
        ["fov"] = 85.28004455566406
    },
    {
        ["cframe"] = CFrame.new(-17.013227463, 233.631362915, 33.436370850, 0.751957417, 0.038670804, 0.658076465, -0.077732481, 0.996514857, 0.030263176, -0.654612660, -0.073910534, 0.752342701),
        ["fov"] = 85.19579315185547
    },
    {
        ["cframe"] = CFrame.new(-17.405666351, 233.642715454, 32.736110687, 0.759307325, 0.035932142, 0.649739325, -0.076995455, 0.996421337, 0.034874983, -0.646160960, -0.076507814, 0.759356678),
        ["fov"] = 85.0528564453125
    },
    {
        ["cframe"] = CFrame.new(-17.705953598, 233.654968262, 32.207237244, 0.761703968, 0.034914125, 0.646983743, -0.076333731, 0.996428728, 0.036097143, -0.643412888, -0.076882035, 0.761648834),
        ["fov"] = 84.77532196044922
    },
    {
        ["cframe"] = CFrame.new(-18.018150330, 233.674728394, 31.671007156, 0.757959783, 0.035946913, 0.651310027, -0.075498290, 0.996604443, 0.032856572, -0.647917330, -0.074076757, 0.758100092),
        ["fov"] = 84.4413833618164
    },
    {
        ["cframe"] = CFrame.new(-18.382383347, 233.697769165, 31.045410156, 0.753560781, 0.037172079, 0.656326354, -0.074500404, 0.996796846, 0.029082431, -0.653143048, -0.070811972, 0.753916323),
        ["fov"] = 84.04129791259766
    },
    {
        ["cframe"] = CFrame.new(-18.694581985, 233.717529297, 30.509181976, 0.749763966, 0.038239550, 0.660599470, -0.073625281, 0.996950746, 0.025853246, -0.657596588, -0.068020664, 0.750293195),
        ["fov"] = 83.60528564453125
    },
    {
        ["cframe"] = CFrame.new(-19.006780624, 233.737274170, 29.972953796, 0.745943069, 0.039322913, 0.664847851, -0.072731905, 0.997094810, 0.022629520, -0.662026405, -0.065235987, 0.746635973),
        ["fov"] = 83.24755859375
    },
    {
        ["cframe"] = CFrame.new(-19.494497299, 233.750000000, 28.676782608, 0.729906261, 0.044826422, 0.682075799, -0.078032821, 0.996788383, 0.017995333, -0.679078579, -0.066359214, 0.731059968),
        ["fov"] = 82.81523132324219
    },
    {
        ["cframe"] = CFrame.new(-20.910478592, 233.780654907, 24.754655838, 0.677179575, 0.061821923, 0.733216107, -0.095088892, 0.995461166, 0.003888252, -0.729647815, -0.072353758, 0.679984570),
        ["fov"] = 81.9822769165039
    },
    {
        ["cframe"] = CFrame.new(-21.941879272, 233.719512939, 21.637739182, 0.632334530, 0.075007975, 0.771055639, -0.108480111, 0.994068503, -0.007739180, -0.767062604, -0.078750446, 0.636720777),
        ["fov"] = 81.42212677001953
    },
    {
        ["cframe"] = CFrame.new(-22.143585205, 233.661285400, 20.883991241, 0.621051133, 0.078159571, 0.779863238, -0.111921608, 0.993662059, -0.010457156, -0.775737822, -0.080789104, 0.625862658),
        ["fov"] = 81.23175048828125
    },
    {
        ["cframe"] = CFrame.new(-22.345294952, 233.603057861, 20.130241394, 0.609632552, 0.081279479, 0.788506150, -0.115323074, 0.993240118, -0.013221637, -0.784250498, -0.082872599, 0.614884794),
        ["fov"] = 80.9947509765625
    },
    {
        ["cframe"] = CFrame.new(-22.614242554, 233.525421143, 19.125240326, 0.594201624, 0.085388906, 0.799770713, -0.119794913, 0.992653489, -0.016978940, -0.795345008, -0.085719533, 0.600065470),
        ["fov"] = 80.70820617675781
    },
    {
        ["cframe"] = CFrame.new(-22.883186340, 233.447769165, 18.120243073, 0.578540683, 0.089439139, 0.810735047, -0.124192715, 0.992039740, -0.020816464, -0.806143224, -0.088644207, 0.585043073),
        ["fov"] = 80.3604965209961
    },
    {
        ["cframe"] = CFrame.new(-23.153953552, 233.324340820, 17.053663254, 0.562898934, 0.093365386, 0.821235478, -0.128586799, 0.991393745, -0.024573315, -0.816462040, -0.091767743, 0.570060074),
        ["fov"] = 80.05206298828125
    },
    {
        ["cframe"] = CFrame.new(-23.494691849, 233.112823486, 15.643459320, 0.543358505, 0.098103508, 0.833748996, -0.134068832, 0.990542352, -0.029179342, -0.828726232, -0.095924884, 0.551372230),
        ["fov"] = 79.68155670166016
    },
    {
        ["cframe"] = CFrame.new(-23.767280579, 232.943603516, 14.515300751, 0.527502060, 0.101819180, 0.843430281, -0.138374224, 0.989831746, -0.032950167, -0.838208973, -0.099327713, 0.536227405),
        ["fov"] = 79.37113189697266
    },
    {
        ["cframe"] = CFrame.new(-23.971723557, 232.816696167, 13.669174194, 0.515482664, 0.104561329, 0.850496650, -0.141555458, 0.989281774, -0.035827592, -0.845127046, -0.101923950, 0.524758816),
        ["fov"] = 78.99655151367188
    },
    {
        ["cframe"] = CFrame.new(-24.244312286, 232.647476196, 12.541011810, 0.499292523, 0.108157001, 0.859656334, -0.145732194, 0.988526046, -0.039728697, -0.854089677, -0.105443344, 0.509325683),
        ["fov"] = 78.67524719238281
    },
    {
        ["cframe"] = CFrame.new(-24.585050583, 232.435958862, 11.130805969, 0.478798598, 0.112552464, 0.870680094, -0.150846735, 0.987545729, -0.044706978, -0.864868283, -0.109933630, 0.489813685),
        ["fov"] = 78.18329620361328
    },
    {
        ["cframe"] = CFrame.new(-24.752883911, 232.367111206, 10.387115479, 0.468930691, 0.114594847, 0.875769436, -0.153375521, 0.987048090, -0.047030818, -0.869816065, -0.112267412, 0.480433166),
        ["fov"] = 77.79249572753906
    },
    {
        ["cframe"] = CFrame.new(-24.919023514, 232.322860718, 9.617710114, 0.459325135, 0.116534434, 0.880590737, -0.155889452, 0.986546338, -0.049242705, -0.874482036, -0.114656396, 0.471312046),
        ["fov"] = 77.31195068359375
    },
    {
        ["cframe"] = CFrame.new(-25.151617050, 232.260910034, 8.540538788, 0.445783347, 0.119204015, 0.887168348, -0.159366742, 0.985828757, -0.052382052, -0.880840242, -0.118034095, 0.458463252),
        ["fov"] = 76.70265197753906
    },
    {
        ["cframe"] = CFrame.new(-25.284530640, 232.225524902, 7.925014496, 0.437996805, 0.120705269, 0.890836179, -0.161331445, 0.985410988, -0.054198097, -0.884381711, -0.119981289, 0.451080412),
        ["fov"] = 76.24002838134766
    },
    {
        ["cframe"] = CFrame.new(-26.161384583, 232.194396973, 5.477790833, 0.362482160, 0.108391747, 0.925666213, -0.166013569, 0.984839201, -0.050311305, -0.917085707, -0.135436207, 0.374981165),
        ["fov"] = 75.66986846923828
    },
    {
        ["cframe"] = CFrame.new(-26.667560577, 232.181030273, 4.101779938, 0.317167848, 0.100296937, 0.943050981, -0.168742627, 0.984492958, -0.047952749, -0.933236539, -0.143923834, 0.329173863),
        ["fov"] = 75.35205841064453
    },
    {
        ["cframe"] = CFrame.new(-27.342462540, 232.163208008, 2.267101288, 0.255605668, 0.088977858, 0.962677896, -0.172607109, 0.983956933, -0.045114793, -0.951247871, -0.154633433, 0.266863197),
        ["fov"] = 74.84439849853516
    },
    {
        ["cframe"] = CFrame.new(-30.042070389, 232.091918945, -5.071617126, 0.001458798, 0.038583692, 0.999254346, -0.190108851, 0.981042624, -0.037602954, -0.981761932, -0.189912230, 0.008766228),
        ["fov"] = 72.91658782958984
    },
    {
        ["cframe"] = CFrame.new(-30.556558609, 232.116256714, -6.094413757, 0.015686614, 0.000105906, 0.999876976, -0.192935839, 0.981207013, 0.002922942, -0.981085956, -0.192957968, 0.015412177),
        ["fov"] = 72.62578582763672
    },
    {
        ["cframe"] = CFrame.new(-31.071044922, 232.140594482, -7.117202759, 0.029729690, -0.038424037, 0.998819232, -0.195242718, 0.979789793, 0.043503314, -0.980304301, -0.196305498, 0.021626836),
        ["fov"] = 72.23702239990234
    },
    {
        ["cframe"] = CFrame.new(-31.585517883, 232.164932251, -8.139968872, -0.037579622, -0.050825808, 0.998000324, -0.183318451, 0.982107759, 0.043113582, -0.982335031, -0.181331649, -0.046224583),
        ["fov"] = 71.77184295654297
    },
    {
        ["cframe"] = CFrame.new(-32.099990845, 232.189285278, -9.162731171, -0.104918063, -0.062153857, 0.992536843, -0.171661660, 0.984195828, 0.043485712, -0.979553282, -0.165818051, -0.113929339),
        ["fov"] = 71.38192749023438
    },
    {
        ["cframe"] = CFrame.new(-32.485855103, 232.207534790, -9.929817200, -0.115943819, -0.051470309, 0.991921306, -0.179961920, 0.983216405, 0.029983217, -0.976816595, -0.175031692, -0.123260610),
        ["fov"] = 70.89642333984375
    },
    {
        ["cframe"] = CFrame.new(-32.871719360, 232.225784302, -10.696895599, -0.127087906, -0.040916808, 0.991047144, -0.188088030, 0.982014775, 0.016424244, -0.973895013, -0.184316814, -0.132498190),
        ["fov"] = 70.3556900024414
    },
    {
        ["cframe"] = CFrame.new(-33.354049683, 232.248611450, -11.655750275, -0.141178906, -0.027914215, 0.989590526, -0.197995812, 0.980202734, -0.000597457, -0.969982624, -0.196019128, -0.143910795),
        ["fov"] = 69.88761901855469
    },
    {
        ["cframe"] = CFrame.new(-33.903141022, 232.280151367, -12.690692902, -0.154778704, -0.023788514, 0.987662733, -0.204602495, 0.978808284, -0.008488416, -0.966530561, -0.203392074, -0.156365857),
        ["fov"] = 69.33531951904297
    },
    {
        ["cframe"] = CFrame.new(-34.422531128, 232.315872192, -13.609962463, -0.164888397, -0.030926637, 0.985827267, -0.206234202, 0.978495419, -0.003797894, -0.964509964, -0.203937516, -0.167720586),
        ["fov"] = 68.81120300292969
    },
    {
        ["cframe"] = CFrame.new(-35.071769714, 232.360519409, -14.759044647, -0.177492589, -0.039836995, 0.983315527, -0.208341613, 0.978053987, 0.002017294, -0.961816013, -0.204507485, -0.181897074),
        ["fov"] = 68.28327178955078
    },
    {
        ["cframe"] = CFrame.new(-35.850860596, 232.414093018, -16.137950897, -0.192565396, -0.050508700, 0.979983509, -0.210968897, 0.977452159, 0.008923128, -0.958337545, -0.205027729, -0.198879197),
        ["fov"] = 67.66576385498047
    },
    {
        ["cframe"] = CFrame.new(-36.500102997, 232.458740234, -17.287036896, -0.205078542, -0.059382088, 0.976942420, -0.213239238, 0.976890624, 0.014616032, -0.955233872, -0.205325037, -0.213001877),
        ["fov"] = 67.2011947631836
    },
    {
        ["cframe"] = CFrame.new(-37.019493103, 232.494461060, -18.206302643, -0.215055972, -0.066466458, 0.974337339, -0.215107873, 0.976403058, 0.019128699, -0.952617288, -0.205473900, -0.224278748),
        ["fov"] = 66.64457702636719
    },
    {
        ["cframe"] = CFrame.new(-37.668739319, 232.539108276, -19.355388641, -0.227483094, -0.075302221, 0.970866144, -0.217508331, 0.975745440, 0.024716429, -0.949179411, -0.205548897, -0.238344491),
        ["fov"] = 66.06300354003906
    },
    {
        ["cframe"] = CFrame.new(-40.153053284, 232.748580933, -23.359592438, -0.235852480, -0.103907436, 0.966217816, -0.224024922, 0.973300755, 0.049984969, -0.945614338, -0.204667777, -0.252833277),
        ["fov"] = 64.5422134399414
    },
    {
        ["cframe"] = CFrame.new(-40.780906677, 232.802062988, -24.366085052, -0.237417981, -0.111046165, 0.965039670, -0.225659415, 0.972572625, 0.056396488, -0.944833636, -0.204380736, -0.255964845),
        ["fov"] = 64.06135559082031
    },
    {
        ["cframe"] = CFrame.new(-41.408760071, 232.855545044, -25.372585297, -0.238980994, -0.118176214, 0.963806272, -0.227305308, 0.971796870, 0.062794410, -0.944044709, -0.204071626, -0.259103119),
        ["fov"] = 63.59811019897461
    },
    {
        ["cframe"] = CFrame.new(-41.879653931, 232.895660400, -26.127468109, -0.240151733, -0.123517826, 0.962844968, -0.228547171, 0.971184075, 0.067583628, -0.943447649, -0.203825206, -0.261461198),
        ["fov"] = 63.216712951660156
    },
    {
        ["cframe"] = CFrame.new(-42.507507324, 232.949142456, -27.133960724, -0.241710708, -0.130631760, 0.961515009, -0.230213001, 0.970325768, 0.073956661, -0.942644060, -0.203477174, -0.264611304),
        ["fov"] = 62.71818161010742
    },
    {
        ["cframe"] = CFrame.new(-43.125778198, 232.991821289, -28.181766510, -0.243988276, -0.136372343, 0.960141897, -0.232411921, 0.969433665, 0.078632295, -0.941517174, -0.203963041, -0.268225014),
        ["fov"] = 62.19261932373047
    },
    {
        ["cframe"] = CFrame.new(-43.633014679, 233.018402100, -29.089336395, -0.246481359, -0.140017420, 0.958979607, -0.234685197, 0.968681157, 0.081114061, -0.940302968, -0.205065250, -0.271621913),
        ["fov"] = 61.60221481323242
    },
    {
        ["cframe"] = CFrame.new(-45.256164551, 233.103424072, -31.993587494, -0.254404515, -0.151677251, 0.955129623, -0.241991013, 0.966190219, 0.088977955, -0.936332703, -0.208496332, -0.282507628),
        ["fov"] = 60.029666900634766
    },
    {
        ["cframe"] = CFrame.new(-45.658763885, 233.115646362, -32.743404388, -0.257780820, -0.153097898, 0.953996837, -0.237271801, 0.967162430, 0.091097184, -0.936616838, -0.202873468, -0.285641760),
        ["fov"] = 59.557437896728516
    },
    {
        ["cframe"] = CFrame.new(-45.980838776, 233.125427246, -33.343250275, -0.260490328, -0.154220358, 0.953079641, -0.233500600, 0.967917919, 0.092802331, -0.936814904, -0.198370576, -0.288143814),
        ["fov"] = 59.165157318115234
    },
    {
        ["cframe"] = CFrame.new(-46.222396851, 233.132766724, -33.793140411, -0.262527198, -0.155053988, 0.952385247, -0.230674669, 0.968471408, 0.094086893, -0.936946452, -0.194990784, -0.290017128),
        ["fov"] = 58.756507873535156
    },
    {
        ["cframe"] = CFrame.new(-46.544471741, 233.142547607, -34.392986298, -0.265248179, -0.156154543, 0.951451063, -0.226909593, 0.969191849, 0.095807724, -0.937099397, -0.190480530, -0.292509407),
        ["fov"] = 58.3450813293457
    },
    {
        ["cframe"] = CFrame.new(-46.866569519, 233.152328491, -34.992900848, -0.211257100, -0.167348877, 0.962997794, -0.182103395, 0.974722683, 0.129437581, -0.960317075, -0.148020566, -0.236391887),
        ["fov"] = 57.9473762512207
    },
    {
        ["cframe"] = CFrame.new(-48.107295990, 233.186828613, -37.314342499, -0.278917879, -0.160722941, 0.946769834, -0.206245139, 0.972914815, 0.104401603, -0.937906086, -0.166147187, -0.304511636),
        ["fov"] = 56.749610900878906
    },
    {
        ["cframe"] = CFrame.new(-48.381839752, 233.191986084, -37.836269379, -0.281711549, -0.161010429, 0.945893347, -0.200648919, 0.973909438, 0.106020883, -0.938284934, -0.159925148, -0.306668133),
        ["fov"] = 56.53850555419922
    },
    {
        ["cframe"] = CFrame.new(-48.839412689, 233.200561523, -38.706157684, -0.286386997, -0.161452293, 0.944412947, -0.191325650, 0.975484014, 0.108745806, -0.938816905, -0.149547040, -0.310255885),
        ["fov"] = 56.22938919067383
    },
    {
        ["cframe"] = CFrame.new(-49.022445679, 233.204010010, -39.054103851, -0.288263530, -0.161615923, 0.943813920, -0.187597960, 0.976084769, 0.109844938, -0.938994884, -0.145393237, -0.311688423),
        ["fov"] = 56.069305419921875
    },
    {
        ["cframe"] = CFrame.new(-49.296989441, 233.209152222, -39.576038361, -0.291085571, -0.161847308, 0.942907631, -0.182008371, 0.976954579, 0.111503430, -0.939224303, -0.139160037, -0.313834906),
        ["fov"] = 55.93669509887695
    },
    {
        ["cframe"] = CFrame.new(-49.663055420, 233.216033936, -40.271945953, -0.294860661, -0.162129283, 0.941685319, -0.174559727, 0.978056073, 0.113733046, -0.939460576, -0.130844936, -0.316691458),
        ["fov"] = 55.68779754638672
    },
    {
        ["cframe"] = CFrame.new(-50.669712067, 233.234924316, -42.185680389, -0.305314958, -0.162747279, 0.938240886, -0.154105633, 0.980743527, 0.119971983, -0.939698875, -0.107958995, -0.324516028),
        ["fov"] = 55.22165298461914
    },
    {
        ["cframe"] = CFrame.new(-50.944263458, 233.240081787, -42.707614899, -0.308183700, -0.162875384, 0.937280416, -0.148536086, 0.981389940, 0.121700861, -0.939659476, -0.101713702, -0.326641262),
        ["fov"] = 55.05193328857422
    },
    {
        ["cframe"] = CFrame.new(-51.218811035, 233.245239258, -43.229549408, -0.311059713, -0.162985921, 0.936310589, -0.142970830, 0.981998801, 0.123441435, -0.939574957, -0.095467426, -0.328762501),
        ["fov"] = 54.93233108520508
    },
    {
        ["cframe"] = CFrame.new(-51.595863342, 233.251373291, -43.949459076, -0.315112025, -0.162914321, 0.934966922, -0.134609178, 0.982868671, 0.125893667, -0.939459741, -0.086184539, -0.331643581),
        ["fov"] = 54.76195526123047
    },
    {
        ["cframe"] = CFrame.new(-52.005905151, 233.255340576, -44.741397858, -0.319800436, -0.162222341, 0.933494270, -0.123411231, 0.983972549, 0.128715694, -0.939413249, -0.074040316, -0.334694892),
        ["fov"] = 54.604488372802734
    },
    {
        ["cframe"] = CFrame.new(-52.415950775, 233.259307861, -45.533336639, -0.324508905, -0.161476016, 0.931997597, -0.112224050, 0.984933674, 0.131572723, -0.939201713, -0.061896015, -0.337741226),
        ["fov"] = 54.47451400756836
    },
    {
        ["cframe"] = CFrame.new(-52.928504944, 233.264251709, -46.523258209, -0.330421448, -0.160466060, 0.930092692, -0.098258466, 0.985935152, 0.135193422, -0.938704967, -0.046718668, -0.341541290),
        ["fov"] = 54.2777099609375
    },
    {
        ["cframe"] = CFrame.new(-53.338546753, 233.268218994, -47.315196991, -0.335172385, -0.159595892, 0.928541064, -0.087103158, 0.986576498, 0.138129577, -0.938121796, -0.034581639, -0.344574511),
        ["fov"] = 54.141029357910156
    },
    {
        ["cframe"] = CFrame.new(-53.851100922, 233.273178101, -48.305118561, -0.341135621, -0.158429712, 0.926566958, -0.073183872, 0.987179279, 0.141849324, -0.937160850, -0.019419882, -0.348356515),
        ["fov"] = 53.97865295410156
    },
    {
        ["cframe"] = CFrame.new(-54.363655090, 233.278121948, -49.295047760, -0.347124487, -0.157175630, 0.924554169, -0.059295863, 0.987561524, 0.145624295, -0.935942650, -0.004272474, -0.352126628),
        ["fov"] = 53.818084716796875
    },
    {
        ["cframe"] = CFrame.new(-54.773696899, 233.282089233, -50.086986542, -0.351933002, -0.156108499, 0.922915578, -0.048210602, 0.987708747, 0.148684055, -0.934782743, 0.007832502, -0.355133414),
        ["fov"] = 53.6927375793457
    },
    {
        ["cframe"] = CFrame.new(-55.237941742, 233.284393311, -50.965068817, -0.356273621, -0.153432712, 0.921698093, -0.040079180, 0.988027275, 0.148982137, -0.933521688, 0.016137509, -0.358157545),
        ["fov"] = 53.52590560913086
    },
    {
        ["cframe"] = CFrame.new(-55.609340668, 233.286239624, -51.667545319, -0.359738469, -0.151267558, 0.920709789, -0.033579972, 0.988230705, 0.149240553, -0.932448804, 0.022770174, -0.360584140),
        ["fov"] = 53.39521026611328
    },
    {
        ["cframe"] = CFrame.new(-56.073585510, 233.288543701, -52.545627594, -0.364059299, -0.148530513, 0.919456005, -0.025464045, 0.988420248, 0.149588630, -0.931027472, 0.031046066, -0.363625854),
        ["fov"] = 53.251041412353516
    },
    {
        ["cframe"] = CFrame.new(-56.444984436, 233.290390015, -53.248104095, -0.367507994, -0.146316409, 0.918438554, -0.018978206, 0.988520980, 0.149887204, -0.929826677, 0.037654437, -0.366066217),
        ["fov"] = 53.129940032958984
    },
    {
        ["cframe"] = CFrame.new(-56.909233093, 233.292709351, -54.126194000, -0.371807843, -0.143518329, 0.917148530, -0.010880219, 0.988582671, 0.150285780, -0.928245962, 0.045898650, -0.369124323),
        ["fov"] = 52.99689865112305
    },
    {
        ["cframe"] = CFrame.new(-57.280632019, 233.294555664, -54.828670502, -0.375238925, -0.141255468, 0.916101873, -0.004409727, 0.988581240, 0.150624976, -0.926917613, 0.052480593, -0.371577054),
        ["fov"] = 52.86642837524414
    },
    {
        ["cframe"] = CFrame.new(-57.725547791, 233.295791626, -55.661998749, -0.373681009, -0.152077809, 0.915005326, 0.002439664, 0.986303210, 0.164924160, -0.927554011, 0.063861340, -0.368191779),
        ["fov"] = 52.72258377075195
    },
    {
        ["cframe"] = CFrame.new(-58.165634155, 233.296768188, -56.484142303, -0.370824069, -0.166324973, 0.913687825, 0.009027630, 0.983139813, 0.182631701, -0.928659141, 0.075972654, -0.363070458),
        ["fov"] = 52.61659622192383
    },
    {
        ["cframe"] = CFrame.new(-58.429691315, 233.297348022, -56.977436066, -0.369196653, -0.174874514, 0.912750065, 0.013003424, 0.981068492, 0.193223447, -0.929260254, 0.083206318, -0.359933317),
        ["fov"] = 52.51083755493164
    },
    {
        ["cframe"] = CFrame.new(-58.781776428, 233.298141479, -57.635189056, -0.373418361, -0.163432583, 0.913153052, 0.016768126, 0.983008683, 0.182792082, -0.927511454, 0.083569795, -0.364333034),
        ["fov"] = 52.41539764404297
    },
    {
        ["cframe"] = CFrame.new(-59.133861542, 233.298919678, -58.292942047, -0.377621651, -0.151978806, 0.913402617, 0.020574735, 0.984817803, 0.172367483, -0.925731421, 0.083882704, -0.368761569),
        ["fov"] = 52.31818771362305
    },
    {
        ["cframe"] = CFrame.new(-59.485942841, 233.299713135, -58.950695038, -0.381806076, -0.140515432, 0.913498521, 0.024423072, 0.986496329, 0.161951944, -0.923919737, 0.084144674, -0.373218507),
        ["fov"] = 52.208290100097656
    },
    {
        ["cframe"] = CFrame.new(-59.838027954, 233.300491333, -59.608440399, -0.385970712, -0.129044235, 0.913440764, 0.028313084, 0.988044262, 0.151547268, -0.922076404, 0.084355131, -0.377702564),
        ["fov"] = 52.097537994384766
    },
    {
        ["cframe"] = CFrame.new(-60.190113068, 233.301284790, -60.266201019, -0.390032232, -0.125094011, 0.912264466, 0.032254349, 0.988264859, 0.149305657, -0.920236170, 0.087658502, -0.381420374),
        ["fov"] = 51.99253845214844
    },
    {
        ["cframe"] = CFrame.new(-60.542198181, 233.302062988, -60.923954010, -0.394076526, -0.121132687, 0.911060214, 0.036200419, 0.988461673, 0.147082210, -0.918364465, 0.090942405, -0.385144472),
        ["fov"] = 51.880191802978516
    },
    {
        ["cframe"] = CFrame.new(-60.894283295, 233.302856445, -61.581714630, -0.398103803, -0.117160201, 0.909827888, 0.040151075, 0.988634646, 0.144876793, -0.916461170, 0.094206572, -0.388875157),
        ["fov"] = 51.78532409667969
    },
    {
        ["cframe"] = CFrame.new(-61.246364594, 233.303634644, -62.239459991, -0.402113974, -0.113176756, 0.908567727, 0.044106171, 0.988784313, 0.142689511, -0.914526641, 0.097450890, -0.392612219),
        ["fov"] = 51.6817741394043
    },
    {
        ["cframe"] = CFrame.new(-61.598453522, 233.304428101, -62.897220612, -0.406106621, -0.109182470, 0.907279849, 0.048065551, 0.988910377, 0.140520468, -0.912560761, 0.100675203, -0.396355152),
        ["fov"] = 51.57783126831055
    },
    {
        ["cframe"] = CFrame.new(-61.950534821, 233.305206299, -63.554973602, -0.410081804, -0.105177484, 0.905963838, 0.052029006, 0.989012897, 0.138369799, -0.910563469, 0.103879355, -0.400103956),
        ["fov"] = 51.478153228759766
    },
    {
        ["cframe"] = CFrame.new(-62.302619934, 233.305999756, -64.212722778, -0.414039075, -0.101162039, 0.904620230, 0.055996440, 0.989092290, 0.136237606, -0.908535063, 0.107063212, -0.403858185),
        ["fov"] = 51.37477111816406
    },
    {
        ["cframe"] = CFrame.new(-62.635383606, 233.305725098, -64.825759888, -0.415964872, -0.100662448, 0.903792202, 0.058099277, 0.988882363, 0.136879444, -0.907522857, 0.109446719, -0.405491918),
        ["fov"] = 51.264713287353516
    },
    {
        ["cframe"] = CFrame.new(-62.968151093, 233.305450439, -65.438781738, -0.417888790, -0.100158215, 0.902960241, 0.060199104, 0.988667309, 0.137525067, -0.906501472, 0.111827597, -0.407123536),
        ["fov"] = 51.16669845581055
    },
    {
        ["cframe"] = CFrame.new(-63.384105682, 233.305099487, -66.205062866, -0.420291930, -0.099521227, 0.901914835, 0.062819682, 0.988390863, 0.138337329, -0.905211806, 0.114800058, -0.409160823),
        ["fov"] = 51.00630187988281
    },
    {
        ["cframe"] = CFrame.new(-63.883255005, 233.304702759, -67.124603271, -0.423172235, -0.098747015, 0.900652170, 0.065958180, 0.988048375, 0.139319614, -0.903645277, 0.118361570, -0.411601484),
        ["fov"] = 50.882938385009766
    },
    {
        ["cframe"] = CFrame.new(-64.049636841, 233.304565430, -67.431121826, -0.424131483, -0.098486602, 0.900229335, 0.067002870, 0.987931490, 0.139648899, -0.903118551, 0.119547434, -0.412413985),
        ["fov"] = 50.81269454956055
    },
    {
        ["cframe"] = CFrame.new(-64.299217224, 233.304351807, -67.890899658, -0.425569564, -0.098093711, 0.899593294, 0.068568423, 0.987753868, 0.140144512, -0.902324080, 0.121324934, -0.413631946),
        ["fov"] = 50.74779510498047
    },
    {
        ["cframe"] = CFrame.new(-64.631973267, 233.304077148, -68.503906250, -0.427485794, -0.097565718, 0.898741782, 0.070653126, 0.987512529, 0.140808597, -0.901256919, 0.123692594, -0.415254295),
        ["fov"] = 50.644371032714844
    },
    {
        ["cframe"] = CFrame.new(-64.964744568, 233.303802490, -69.116943359, -0.429400414, -0.097032964, 0.897886455, 0.072734758, 0.987266123, 0.141476333, -0.900180519, 0.126057550, -0.416874766),
        ["fov"] = 50.544857025146484
    },
    {
        ["cframe"] = CFrame.new(-65.297500610, 233.303527832, -69.729965210, -0.431313187, -0.096495502, 0.897027194, 0.074813299, 0.987014353, 0.142147765, -0.899095118, 0.128419757, -0.418493092),
        ["fov"] = 50.44291305541992
    },
    {
        ["cframe"] = CFrame.new(-65.630271912, 233.303268433, -70.342987061, -0.433224380, -0.095953286, 0.896163821, 0.076888688, 0.986757100, 0.142822802, -0.898000360, 0.130779177, -0.420109570),
        ["fov"] = 50.328556060791016
    },
    {
        ["cframe"] = CFrame.new(-65.963035583, 233.302993774, -70.956008911, -0.435133934, -0.095406339, 0.895296752, 0.078960933, 0.986495137, 0.143501550, -0.896896720, 0.133135855, -0.421724111),
        ["fov"] = 50.237430572509766
    },
    {
        ["cframe"] = CFrame.new(-66.295806885, 233.302719116, -71.569030762, -0.437041461, -0.094854690, 0.894425750, 0.081030041, 0.986227810, 0.144183919, -0.895784020, 0.135489687, -0.423336327),
        ["fov"] = 50.130409240722656
    },
    {
        ["cframe"] = CFrame.new(-66.628562927, 233.302444458, -72.182052612, -0.438947499, -0.094298296, 0.893550813, 0.083095945, 0.985955298, 0.144869938, -0.894662142, 0.137840733, -0.424946785),
        ["fov"] = 50.02685546875
    },
    {
        ["cframe"] = CFrame.new(-66.961334229, 233.302169800, -72.795089722, -0.440852046, -0.093737155, 0.892671704, 0.085158616, 0.985677600, 0.145559624, -0.893530905, 0.140188932, -0.426555455),
        ["fov"] = 49.928123474121094
    },
    {
        ["cframe"] = CFrame.new(-67.294097900, 233.301895142, -73.408111572, -0.442754328, -0.093171351, 0.891789019, 0.087218098, 0.985395014, 0.146252945, -0.892390966, 0.142534286, -0.428161621),
        ["fov"] = 49.82862091064453
    },
    {
        ["cframe"] = CFrame.new(-67.626861572, 233.301620483, -74.021133423, -0.444655150, -0.092600830, 0.890902281, 0.089274332, 0.985106945, 0.146949887, -0.891241729, 0.144876704, -0.429766029),
        ["fov"] = 49.72469711303711
    },
    {
        ["cframe"] = CFrame.new(-67.959625244, 233.301345825, -74.634170532, -0.446553797, -0.092025578, 0.890011847, 0.091327295, 0.984814107, 0.147650450, -0.890083790, 0.147216231, -0.431368053),
        ["fov"] = 49.617759704589844
    },
    {
        ["cframe"] = CFrame.new(-68.292388916, 233.301071167, -75.247177124, -0.448450655, -0.091445662, 0.889117420, 0.093376964, 0.984515905, 0.148354590, -0.888916612, 0.149552792, -0.432967901),
        ["fov"] = 49.52045440673828
    },
    {
        ["cframe"] = CFrame.new(-68.625152588, 233.300796509, -75.860214233, -0.450345725, -0.090861000, 0.888219059, 0.095423318, 0.984212875, 0.149062380, -0.887740493, 0.151886404, -0.434565812),
        ["fov"] = 49.417789459228516
    },
    {
        ["cframe"] = CFrame.new(-68.957916260, 233.300537109, -76.473220825, -0.452238768, -0.090271689, 0.887316763, 0.097466372, 0.983904660, 0.149773791, -0.886555374, 0.154217064, -0.436161309),
        ["fov"] = 49.31475067138672
    },
    {
        ["cframe"] = CFrame.new(-69.290679932, 233.300262451, -77.086257935, -0.454130083, -0.089677662, 0.886410654, 0.099506065, 0.983591378, 0.150488809, -0.885361254, 0.156544715, -0.437754869),
        ["fov"] = 49.213645935058594
    },
    {
        ["cframe"] = CFrame.new(-69.623451233, 233.299987793, -77.699295044, -0.456019819, -0.089078933, 0.885500312, 0.101542361, 0.983272791, 0.151207417, -0.884157896, 0.158869371, -0.439346611),
        ["fov"] = 49.10996627807617
    },
    {
        ["cframe"] = CFrame.new(-69.956214905, 233.299713135, -78.312301636, -0.457906783, -0.088475585, 0.884586573, 0.103575304, 0.982949317, 0.151929542, -0.882945895, 0.161190897, -0.440935373),
        ["fov"] = 49.004634857177734
    },
    {
        ["cframe"] = CFrame.new(-70.288986206, 233.299438477, -78.925338745, -0.459792465, -0.087867483, 0.883668721, 0.105604805, 0.982621074, 0.152655363, -0.881724834, 0.163509443, -0.442522466),
        ["fov"] = 48.9058837890625
    },
    {
        ["cframe"] = CFrame.new(-70.621742249, 233.299163818, -79.538360596, -0.461675793, -0.087254755, 0.882746935, 0.107630938, 0.982287526, 0.153384686, -0.880494773, 0.165824875, -0.444107056),
        ["fov"] = 48.80309295654297
    },
    {
        ["cframe"] = CFrame.new(-70.954513550, 233.298889160, -80.151382446, -0.463557214, -0.086637340, 0.881821215, 0.109653562, 0.981949031, 0.154117614, -0.879255831, 0.168137178, -0.445689499),
        ["fov"] = 48.70260238647461
    },
    {
        ["cframe"] = CFrame.new(-71.287269592, 233.298614502, -80.764404297, -0.465436608, -0.086015306, 0.880891740, 0.111672752, 0.981605709, 0.154854089, -0.878008008, 0.170446366, -0.447269589),
        ["fov"] = 48.576927185058594
    },
    {
        ["cframe"] = CFrame.new(-71.620033264, 233.298339844, -81.377426147, -0.467313796, -0.085388593, 0.879958332, 0.113688439, 0.981257141, 0.155594110, -0.876751304, 0.172752365, -0.448847264),
        ["fov"] = 48.48188018798828
    },
    {
        ["cframe"] = CFrame.new(-72.119186401, 233.297927856, -82.296981812, -0.470126003, -0.084439762, 0.878550828, 0.116705410, 0.980725169, 0.156710833, -0.874849379, 0.176205471, -0.451209754),
        ["fov"] = 48.32828140258789
    },
    {
        ["cframe"] = CFrame.new(-73.450241089, 233.296844482, -84.749069214, -0.477601588, -0.081858538, 0.874754846, 0.124711558, 0.979251862, 0.159727693, -0.869680345, 0.185378239, -0.457483530),
        ["fov"] = 47.873531341552734
    },
    {
        ["cframe"] = CFrame.new(-74.624954224, 233.295944214, -86.857681274, -0.483659148, -0.079286300, 0.871657848, 0.130804405, 0.978156626, 0.161553249, -0.865427017, 0.192153379, -0.462723464),
        ["fov"] = 47.50416564941406
    },
    {
        ["cframe"] = CFrame.new(-75.057083130, 233.295623779, -87.630020142, -0.485849619, -0.078315131, 0.870526791, 0.132981613, 0.977759242, 0.162180468, -0.863866866, 0.194559380, -0.464629561),
        ["fov"] = 47.351322174072266
    },
    {
        ["cframe"] = CFrame.new(-75.489227295, 233.295288086, -88.402343750, -0.488036364, -0.077338383, 0.869390249, 0.135154754, 0.977356255, 0.162812501, -0.862295687, 0.196960643, -0.466532737),
        ["fov"] = 47.20185852050781
    },
    {
        ["cframe"] = CFrame.new(-75.849342346, 233.295028687, -89.045944214, -0.489855677, -0.076520234, 0.868438900, 0.136962518, 0.977016032, 0.163342953, -0.860977769, 0.198958039, -0.468116462),
        ["fov"] = 47.05795669555664
    },
    {
        ["cframe"] = CFrame.new(-76.281486511, 233.294692993, -89.818298340, -0.492035627, -0.075533286, 0.867292166, 0.139128014, 0.976602733, 0.163983926, -0.859386027, 0.201350585, -0.470014542),
        ["fov"] = 46.91685485839844
    },
    {
        ["cframe"] = CFrame.new(-76.569580078, 233.294479370, -90.333175659, -0.493486941, -0.074872263, 0.866524696, 0.140569359, 0.976324022, 0.164413959, -0.858318806, 0.202942938, -0.471278310),
        ["fov"] = 46.81736373901367
    },
    {
        ["cframe"] = CFrame.new(-76.929687500, 233.294204712, -90.976776123, -0.495297909, -0.074042581, 0.865562141, 0.142368406, 0.975971997, 0.164954379, -0.856977999, 0.204930246, -0.472855568),
        ["fov"] = 46.67844009399414
    },
    {
        ["cframe"] = CFrame.new(-77.145759583, 233.294052124, -91.362930298, -0.496383637, -0.073542900, 0.864982545, 0.143446386, 0.975759089, 0.165280312, -0.856169760, 0.206121057, -0.473801315),
        ["fov"] = 46.58812713623047
    },
    {
        ["cframe"] = CFrame.new(-77.577903748, 233.293716431, -92.135284424, -0.498552024, -0.072539411, 0.863819301, 0.145599231, 0.975328565, 0.165935785, -0.854544699, 0.208499029, -0.475690454),
        ["fov"] = 46.452938079833984
    },
    {
        ["cframe"] = CFrame.new(-77.832481384, 233.293548584, -92.576538086, -0.499718308, -0.071895421, 0.863199055, 0.146622881, 0.975147128, 0.166101575, -0.853688121, 0.209568739, -0.476757348),
        ["fov"] = 46.33880615234375
    },
    {
        ["cframe"] = CFrame.new(-78.075889587, 233.293380737, -92.993270874, -0.500791311, -0.071259581, 0.862629712, 0.147509366, 0.975000620, 0.166177377, -0.852906168, 0.210466146, -0.477760345),
        ["fov"] = 46.25151824951172
    },
    {
        ["cframe"] = CFrame.new(-78.319290161, 233.293212891, -93.409988403, -0.501863182, -0.070622817, 0.862058997, 0.148395255, 0.974852920, 0.166254237, -0.852122188, 0.211362347, -0.478762716),
        ["fov"] = 46.14537811279297
    },
    {
