return {
    {
        ["cframe"] = CFrame.new(161.002044678, 445.551361084, 60.819076538, 0.935050488, -0.074918509, 0.346507967, -0.006370615, 0.973706663, 0.227716267, -0.354457259, -0.215133667, 0.909987688),
        ["fov"] = 65.9868392944336
    },
    {
        ["cframe"] = CFrame.new(158.280334473, 441.139160156, 50.461383820, 0.875316441, 0.010297214, 0.483440936, -0.026936982, 0.999259114, 0.027487943, -0.482799709, -0.037083086, 0.874945283),
        ["fov"] = 81.785400390625
    },
    {
        ["cframe"] = CFrame.new(157.750030518, 440.866577148, 47.313327789, 0.828187585, 0.031149518, 0.559584677, -0.039867405, 0.999199271, 0.003383074, -0.559031188, -0.025111008, 0.828766286),
        ["fov"] = 87.64482116699219
    },
    {
        ["cframe"] = CFrame.new(157.122573853, 441.007934570, 44.793205261, 0.772946358, 0.043719880, 0.632963300, -0.053040452, 0.998583496, -0.004203291, -0.632250428, -0.030323736, 0.774170399),
        ["fov"] = 80.62826538085938
    },
    {
        ["cframe"] = CFrame.new(156.259521484, 441.151489258, 42.477664948, 0.711355031, 0.036858402, 0.701865792, -0.063659266, 0.997898161, 0.012115439, -0.699944019, -0.053298630, 0.712206244),
        ["fov"] = 75.6140365600586
    },
    {
        ["cframe"] = CFrame.new(156.173217773, 441.165863037, 42.246109009, 0.704858780, 0.036055967, 0.708430767, -0.064801916, 0.997804224, 0.013691390, -0.706381559, -0.055558167, 0.705647528),
        ["fov"] = 69.47368621826172
    },
    {
        ["cframe"] = CFrame.new(156.164596558, 441.167297363, 42.222953796, 0.704205990, 0.035974577, 0.709083796, -0.064916961, 0.997794569, 0.013848396, -0.707021713, -0.055783689, 0.704988241),
        ["fov"] = 62.456138610839844
    },
    {
        ["cframe"] = CFrame.new(154.300994873, 441.188079834, 37.434509277, 0.794950962, 0.048284709, 0.604749262, -0.076340757, 0.996865690, 0.020758677, -0.601851404, -0.062669143, 0.796145380),
        ["fov"] = 56.3157844543457
    },
    {
        ["cframe"] = CFrame.new(153.440826416, 441.204162598, 35.260196686, 0.818521142, 0.049047224, 0.572378874, -0.076828547, 0.996744335, 0.024456268, -0.569315910, -0.063992999, 0.819624543),
        ["fov"] = 53.67346954345703
    },
    {
        ["cframe"] = CFrame.new(152.631866455, 441.233703613, 33.257007599, 0.835876882, 0.043353096, 0.547202289, -0.075160623, 0.996526420, 0.035859711, -0.543746889, -0.071102373, 0.836231828),
        ["fov"] = 52.14285659790039
    },
    {
        ["cframe"] = CFrame.new(151.969512939, 441.284576416, 31.685729980, 0.829984188, 0.044423379, 0.556015134, -0.072950348, 0.996906638, 0.029246820, -0.552995920, -0.064835891, 0.830657482),
        ["fov"] = 50.61224365234375
    },
    {
        ["cframe"] = CFrame.new(151.214843750, 441.334808350, 29.373563766, 0.811736882, 0.050750293, 0.581814051, -0.076052748, 0.996919930, 0.019148458, -0.579050183, -0.059792068, 0.813096404),
        ["fov"] = 49.081634521484375
    },
    {
        ["cframe"] = CFrame.new(150.130004883, 441.376708984, 24.635042191, 0.758758843, 0.070882276, 0.647503495, -0.095193952, 0.995455384, 0.002577763, -0.644378185, -0.063594311, 0.762058139),
        ["fov"] = 47.551021575927734
    },
    {
        ["cframe"] = CFrame.new(149.390518188, 441.182617188, 20.250864029, 0.703182936, 0.089865401, 0.705307066, -0.113944247, 0.993402481, -0.012971455, -0.701819479, -0.071244359, 0.708783269),
        ["fov"] = 46.020408630371094
    },
    {
        ["cframe"] = CFrame.new(148.833297729, 440.721923828, 15.880195618, 0.646439672, 0.107204676, 0.755395889, -0.131666765, 0.990899861, -0.027951540, -0.751518250, -0.081391536, 0.654672325),
        ["fov"] = 45
    },
    {
        ["cframe"] = CFrame.new(148.315917969, 440.070007324, 11.289963722, 0.587009311, 0.123381518, 0.800123155, -0.148508668, 0.987958610, -0.043393143, -0.795842469, -0.093353041, 0.598264158),
        ["fov"] = 45
    },
    {
        ["cframe"] = CFrame.new(148.068511963, 439.879272461, 8.572333336, 0.555078387, 0.131336242, 0.821363986, -0.157366186, 0.986204565, -0.051346086, -0.816776574, -0.100753807, 0.568088770),
        ["fov"] = 45
    },
    {
        ["cframe"] = CFrame.new(146.810455322, 439.783966064, 2.592304230, 0.392506242, 0.109257974, 0.913236916, -0.169786081, 0.984461844, -0.044805679, -0.903942287, -0.137468398, 0.404957950),
        ["fov"] = 45
    },
    {
        ["cframe"] = CFrame.new(145.105484009, 439.714630127, -4.863814354, 0.152727604, 0.066231206, 0.986046612, -0.186999306, 0.981664062, -0.036972702, -0.970415294, -0.178743243, 0.162312388),
        ["fov"] = 46.434017181396484
    },
    {
        ["cframe"] = CFrame.new(143.560760498, 439.797149658, -9.495140076, 0.032874346, -0.031358086, 0.998967528, -0.171834230, 0.984447360, 0.036557086, -0.984577298, -0.172858596, 0.026974678),
        ["fov"] = 49.69846725463867
    },
    {
        ["cframe"] = CFrame.new(142.375610352, 439.872497559, -12.872547150, -0.020522833, 0.000696376, 0.999789119, -0.199936166, 0.979797244, -0.004786581, -0.979593992, -0.199992239, -0.019968987),
        ["fov"] = 50
    },
    {
        ["cframe"] = CFrame.new(140.818374634, 440.009979248, -16.728504181, -0.062908053, -0.021410592, 0.997789621, -0.208685100, 0.977951586, 0.007827856, -0.975957513, -0.207731396, -0.065989137),
        ["fov"] = 50
    },
    {
        ["cframe"] = CFrame.new(139.223937988, 440.153717041, -20.632320404, -0.103957057, -0.048859142, 0.993381023, -0.216329992, 0.975990772, 0.025364950, -0.970770001, -0.212261245, -0.112030864),
        ["fov"] = 50
    },
    {
        ["cframe"] = CFrame.new(137.277847290, 440.361846924, -24.901542664, -0.113997340, -0.077277496, 0.990471125, -0.222922161, 0.973537743, 0.050299361, -0.968147993, -0.215063944, -0.128207564),
        ["fov"] = 55.605472564697266
    },
    {
        ["cframe"] = CFrame.new(135.296600342, 440.576477051, -29.207283020, -0.120928884, -0.105703890, 0.987017334, -0.229551524, 0.970340908, 0.075793430, -0.965754926, -0.217405692, -0.141606688),
        ["fov"] = 57.528076171875
    },
    {
        ["cframe"] = CFrame.new(133.978027344, 440.675537109, -32.414653778, -0.129160523, -0.118555501, 0.984511137, -0.236786589, 0.967794240, 0.085477829, -0.962938070, -0.222078681, -0.153073192),
        ["fov"] = 58.9013671875
    },
    {
        ["cframe"] = CFrame.new(132.846664429, 440.742401123, -35.267860413, -0.138515115, -0.127898052, 0.982067049, -0.234021738, 0.967770398, 0.093028687, -0.962313592, -0.216939151, -0.163981795),
        ["fov"] = 59.760738372802734
    },
    {
        ["cframe"] = CFrame.new(131.854934692, 440.785247803, -37.841461182, -0.043547392, -0.163476273, 0.985585690, -0.144235834, 0.977214873, 0.155714855, -0.988584638, -0.135375783, -0.066134334),
        ["fov"] = 60
    },
    {
        ["cframe"] = CFrame.new(130.820449829, 440.820587158, -40.568378448, -0.151053071, -0.143614814, 0.978037834, -0.191302881, 0.974933445, 0.113613218, -0.969838381, -0.169939816, -0.174740553),
        ["fov"] = 65
    },
    {
        ["cframe"] = CFrame.new(129.724853516, 440.850036621, -43.492206573, -0.175143003, -0.146702707, 0.973551989, -0.168924332, 0.978650391, 0.117081359, -0.969943166, -0.143950626, -0.196185350),
        ["fov"] = 65
    },
    {
        ["cframe"] = CFrame.new(128.623153687, 440.878875732, -46.435737610, -0.191255212, -0.151404887, 0.969792724, -0.139966846, 0.982141197, 0.125729531, -0.971509457, -0.111692399, -0.209031224),
        ["fov"] = 65
    },
    {
        ["cframe"] = CFrame.new(127.407272339, 440.897399902, -49.744148254, -0.209867835, -0.154685095, 0.965415955, -0.096835241, 0.985839486, 0.136906847, -0.972922564, -0.064753950, -0.221874952),
        ["fov"] = 65
    },
    {
        ["cframe"] = CFrame.new(126.179985046, 440.914855957, -53.089038849, -0.229287028, -0.157000631, 0.960613370, -0.052519552, 0.987463653, 0.148853153, -0.971940756, -0.016320877, -0.234658241),
        ["fov"] = 65
    },
    {
        ["cframe"] = CFrame.new(125.049049377, 440.924438477, -56.100559235, -0.244132519, -0.152455240, 0.957683146, -0.024721876, 0.988222361, 0.151014745, -0.969426811, 0.013191864, -0.245026112),
        ["fov"] = 63.47759246826172
    },
    {
        ["cframe"] = CFrame.new(123.939941406, 440.932220459, -59.036598206, -0.253004670, -0.159484357, 0.954229057, 0.000246763, 0.986308336, 0.164911315, -0.967464864, 0.041958820, -0.249501348),
        ["fov"] = 50.53670883178711
    },
    {
        ["cframe"] = CFrame.new(122.869567871, 440.936889648, -61.838710785, -0.257645607, -0.162353650, 0.952502012, 0.019054443, 0.984737098, 0.173002213, -0.966051579, 0.062722653, -0.250619650),
        ["fov"] = 99.43900299072266
    },
    {
        ["cframe"] = CFrame.new(121.803047180, 440.941253662, -64.627494812, -0.273685217, -0.135913745, 0.952167869, 0.034950137, 0.987906396, 0.151060954, -0.961184025, 0.074621573, -0.265625238),
        ["fov"] = 100
    },
    {
        ["cframe"] = CFrame.new(120.736915588, 440.945617676, -67.414962769, -0.290473223, -0.120489530, 0.949267209, 0.050770797, 0.988702536, 0.141030759, -0.955535591, 0.089160651, -0.281074286),
        ["fov"] = 100
    },
    {
        ["cframe"] = CFrame.new(119.707382202, 440.947021484, -70.075912476, -0.301415443, -0.115172170, 0.946511686, 0.061585911, 0.988253713, 0.139863327, -0.951502025, 0.100448713, -0.290781856),
        ["fov"] = 100
    },
    {
        ["cframe"] = CFrame.new(118.693687439, 440.947143555, -72.682090759, -0.309845328, -0.113850996, 0.943945944, 0.070177913, 0.987358212, 0.142122567, -0.948193610, 0.110280156, -0.297938585),
        ["fov"] = 100
    },
    {
        ["cframe"] = CFrame.new(117.681579590, 440.947174072, -75.282806396, -0.318020582, -0.112858817, 0.941342652, 0.078501463, 0.986345649, 0.144775003, -0.944828331, 0.119938187, -0.304818630),
        ["fov"] = 100
    },
    {
        ["cframe"] = CFrame.new(116.669631958, 440.947174072, -77.882965088, -0.326162577, -0.111827068, 0.938676238, 0.086752392, 0.985247254, 0.147519112, -0.941324830, 0.129547566, -0.311649442),
        ["fov"] = 100
    },
    {
        ["cframe"] = CFrame.new(115.657691956, 440.947174072, -80.483062744, -0.334291458, -0.110718727, 0.935943782, 0.094949126, 0.984066665, 0.150324523, -0.937674820, 0.139119238, -0.318452477),
        ["fov"] = 100
    },
    {
        ["cframe"] = CFrame.new(114.645759583, 440.947174072, -83.083145142, -0.342408299, -0.109530225, 0.933145165, 0.103092492, 0.982804894, 0.153187916, -0.933878303, 0.148653045, -0.325228810),
        ["fov"] = 100
    },
    {
        ["cframe"] = CFrame.new(113.633827209, 440.947174072, -85.683242798, -0.350512028, -0.108261228, 0.930280149, 0.111181304, 0.981462598, 0.156108603, -0.929935634, 0.158147648, -0.331977725),
        ["fov"] = 100
    },
    {
        ["cframe"] = CFrame.new(112.621894836, 440.947174072, -88.283355713, -0.358601093, -0.106911831, 0.927348495, 0.119214334, 0.980040550, 0.159086198, -0.925847292, 0.167601705, -0.338698149),
        ["fov"] = 100
    },
    {
        ["cframe"] = CFrame.new(111.638732910, 440.947174072, -90.790771484, -0.366286159, -0.105424546, 0.924510837, 0.126711577, 0.978654444, 0.161801130, -0.921834469, 0.176411718, -0.345109105),
        ["fov"] = 100
    },
    {
        ["cframe"] = CFrame.new(110.744773865, 440.947204590, -93.010864258, -0.372752190, -0.103699692, 0.922118068, 0.132683426, 0.977568269, 0.163570762, -0.918395638, 0.183321178, -0.350631475),
        ["fov"] = 100
    },
    {
        ["cframe"] = CFrame.new(109.859725952, 440.947204590, -95.202232361, -0.379082203, -0.101913162, 0.919733763, 0.138477057, 0.976477265, 0.165276170, -0.914942980, 0.190015286, -0.356052518),
        ["fov"] = 100
    },
    {
        ["cframe"] = CFrame.new(108.975570679, 440.947204590, -97.390708923, -0.385383248, -0.100081488, 0.917313159, 0.144226059, 0.975350142, 0.167005971, -0.911415756, 0.196661755, -0.361449242),
        ["fov"] = 100
    },
    {
        ["cframe"] = CFrame.new(108.177841187, 440.947204590, -99.300834656, -0.390570402, -0.098078527, 0.915333807, 0.148475736, 0.974579155, 0.167780876, -0.908520997, 0.201435030, -0.366079450),
        ["fov"] = 100
    },
    {
        ["cframe"] = CFrame.new(107.424224854, 440.947204590, -101.008697510, -0.394835472, -0.097046860, 0.913612008, 0.151260361, 0.973969877, 0.168828428, -0.906214833, 0.204852730, -0.369878531),
        ["fov"] = 100
    },
    {
        ["cframe"] = CFrame.new(106.695106506, 440.947204590, -102.451126099, -0.397707343, -0.099249050, 0.912128568, 0.151442394, 0.973395705, 0.171947643, -0.904927731, 0.206519768, -0.372096062),
        ["fov"] = 100
    },
    {
        ["cframe"] = CFrame.new(105.988502502, 440.947204590, -103.622039795, -0.399086595, -0.103766605, 0.911022902, 0.148894951, 0.973053992, 0.176057577, -0.904743314, 0.205908895, -0.372882485),
        ["fov"] = 100
    },
    {
        ["cframe"] = CFrame.new(105.328727722, 440.947204590, -104.615554810, -0.399711251, -0.109622851, 0.910062551, 0.145391211, 0.972672760, 0.181022361, -0.905037284, 0.204671755, -0.372850060),
        ["fov"] = 100
    },
    {
        ["cframe"] = CFrame.new(104.765701294, 440.947235107, -105.373794556, -0.399416089, -0.115058810, 0.909520984, 0.141888708, 0.972380400, 0.185321242, -0.905723214, 0.203071028, -0.372058749),
        ["fov"] = 100
    },
    {
        ["cframe"] = CFrame.new(104.190757751, 440.947235107, -106.096687317, -0.398618817, -0.118568249, 0.909420013, 0.138061479, 0.972549438, 0.187314332, -0.906665444, 0.200222880, -0.371306777),
        ["fov"] = 100
    },
    {
        ["cframe"] = CFrame.new(103.592971802, 440.947235107, -106.804260254, -0.397371411, -0.119999245, 0.909778237, 0.133873627, 0.973225713, 0.186841026, -0.907840371, 0.196040556, -0.370667458),
        ["fov"] = 106.7294692993164
    },
    {
        ["cframe"] = CFrame.new(102.991569519, 440.958923340, -107.390663147, -0.394592762, -0.113614939, 0.911804974, 0.129245862, 0.975597560, 0.177496210, -0.909720957, 0.187885717, -0.370279431),
        ["fov"] = 92.91634368896484
    },
}
