return {
    {
        ["cframe"] = CFrame.new(187.682586670, 440.755981445, 75.226493835, -0.768329501, -0.000000015, -0.640054524, -0.000000043, 1.000000000, 0.000000029, 0.640054524, 0.000000050, -0.768329501),
        ["fov"] = 70
    },
    {
        ["cframe"] = CFrame.new(187.064178467, 440.742462158, 74.483764648, -0.768277943, 0.004447510, -0.640100956, 0.000034608, 0.999976158, 0.006906434, 0.640116394, 0.005283908, -0.768259764),
        ["fov"] = 70
    },
    {
        ["cframe"] = CFrame.new(186.440856934, 440.739593506, 73.735702515, -0.768278599, 0.004818735, -0.640097499, -0.000004650, 0.999971628, 0.007533494, 0.640115619, 0.005790799, -0.768256783),
        ["fov"] = 70
    },
    {
        ["cframe"] = CFrame.new(185.816192627, 440.736175537, 72.985954285, -0.768279672, 0.004447026, -0.640098870, -0.000004703, 0.999975801, 0.006952881, 0.640114307, 0.005344768, -0.768261075),
        ["fov"] = 70
    },
    {
        ["cframe"] = CFrame.new(185.198532104, 440.730163574, 72.244491577, -0.768258750, 0.009231558, -0.640072823, -0.000039700, 0.999895334, 0.014468809, 0.640139401, 0.011141201, -0.768177986),
        ["fov"] = 70
    },
    {
        ["cframe"] = CFrame.new(185.197982788, 440.787017822, 72.243835449, -0.768258452, 0.000210005, -0.640139759, -0.000000956, 0.999999940, 0.000329209, 0.640139759, 0.000253530, -0.768258452),
        ["fov"] = 70
    },
    {
        ["cframe"] = CFrame.new(194.167678833, 438.093322754, 85.024261475, 0.826953292, 0.113980584, 0.550596595, -0.046532854, 0.989752054, -0.135002673, -0.560341775, 0.086020067, 0.823782504),
        ["fov"] = 70
    },
    {
        ["cframe"] = CFrame.new(194.169235229, 438.100708008, 85.023162842, 0.826720417, 0.114162169, 0.550908506, -0.046513021, 0.989712954, -0.135293856, -0.560686827, 0.086225785, 0.823526144),
        ["fov"] = 70
    },
    {
        ["cframe"] = CFrame.new(194.170913696, 438.102416992, 85.021842957, 0.826458991, 0.114391930, 0.551253080, -0.046495132, 0.989663839, -0.135660440, -0.561073720, 0.086487211, 0.823235214),
        ["fov"] = 70
    },
    {
        ["cframe"] = CFrame.new(194.174957275, 438.102905273, 85.018661499, 0.825830221, 0.114936046, 0.552081585, -0.046451923, 0.989546955, -0.136525467, -0.562002242, 0.087101609, 0.822536707),
        ["fov"] = 70
    },
    {
        ["cframe"] = CFrame.new(194.178222656, 438.102600098, 85.016082764, 0.825320482, 0.115366757, 0.552753627, -0.046415955, 0.989454210, -0.137207732, -0.562753618, 0.087583765, 0.821971655),
        ["fov"] = 70
    },
    {
        ["cframe"] = CFrame.new(194.181976318, 438.102203369, 85.013130188, 0.824738026, 0.115849398, 0.553521514, -0.046374150, 0.989350080, -0.137969524, -0.563610315, 0.088119626, 0.821327150),
        ["fov"] = 70
    },
    {
        ["cframe"] = CFrame.new(194.186996460, 438.101531982, 85.009178162, 0.823959231, 0.116483904, 0.554547310, -0.046317175, 0.989213347, -0.138967335, -0.564752996, 0.088818349, 0.820466578),
        ["fov"] = 70
    },
    {
        ["cframe"] = CFrame.new(194.191787720, 438.101013184, 85.005416870, 0.823220253, 0.117069900, 0.555520475, -0.046262264, 0.989086986, -0.139883667, -0.565833986, 0.089455441, 0.819652140),
        ["fov"] = 70
    },
    {
        ["cframe"] = CFrame.new(194.196960449, 438.100555420, 85.001358032, 0.822423398, 0.117685929, 0.556569695, -0.046201609, 0.988953650, -0.140842423, -0.566996634, 0.090117685, 0.818775713),
        ["fov"] = 70
    },
    {
        ["cframe"] = CFrame.new(194.203582764, 438.100128174, 84.996154785, 0.821403801, 0.118455581, 0.557910502, -0.046122041, 0.988786757, -0.142034411, -0.568479180, 0.090935625, 0.817656517),
        ["fov"] = 70
    },
    {
        ["cframe"] = CFrame.new(194.210800171, 438.099914551, 84.990516663, 0.820302129, 0.119256541, 0.559358835, -0.046033900, 0.988613129, -0.143265590, -0.570074856, 0.091771603, 0.816451311),
        ["fov"] = 70
    },
    {
        ["cframe"] = CFrame.new(194.217193604, 438.099945068, 84.985511780, 0.819329083, 0.119933918, 0.560638666, -0.045954034, 0.988466382, -0.144298300, -0.571478844, 0.092464171, 0.815390885),
        ["fov"] = 70
    },
    {
        ["cframe"] = CFrame.new(194.225173950, 438.100250244, 84.979293823, 0.818122506, 0.120747119, 0.562223852, -0.045852512, 0.988290787, -0.145529762, -0.573212981, 0.093281791, 0.814079523),
        ["fov"] = 70
    },
    {
        ["cframe"] = CFrame.new(194.232101440, 438.100769043, 84.973899841, 0.817081094, 0.121420220, 0.563591719, -0.045762699, 0.988145888, -0.146540523, -0.574703634, 0.093943991, 0.812951565),
        ["fov"] = 70
    },
    {
        ["cframe"] = CFrame.new(194.240783691, 438.101867676, 84.967178345, 0.815792203, 0.122201696, 0.565287352, -0.045647975, 0.987978101, -0.147700697, -0.576540768, 0.094688855, 0.811563134),
        ["fov"] = 70
    },
    {
        ["cframe"] = CFrame.new(194.248184204, 438.103088379, 84.961456299, 0.814701080, 0.122830682, 0.566722751, -0.045548063, 0.987844229, -0.148625568, -0.578089535, 0.095272288, 0.810392320),
        ["fov"] = 70
    },
    {
        ["cframe"] = CFrame.new(194.261947632, 438.106323242, 84.950874329, 0.812702000, 0.123876773, 0.569359303, -0.045357183, 0.987624347, -0.150136888, -0.580911517, 0.096192002, 0.808262885),
        ["fov"] = 70
    },
    {
        ["cframe"] = CFrame.new(194.269744873, 438.108520508, 84.944908142, 0.811582148, 0.124416448, 0.570837080, -0.045246392, 0.987512708, -0.150904030, -0.582483649, 0.096642703, 0.807076812),
        ["fov"] = 70
    },
    {
        ["cframe"] = CFrame.new(194.279296875, 438.112060547, 84.937667847, 0.810242832, 0.124968238, 0.572616339, -0.045108330, 0.987402141, -0.151663899, -0.584355772, 0.097054824, 0.805672765),
        ["fov"] = 70
    },
    {
        ["cframe"] = CFrame.new(194.288940430, 438.116241455, 84.930404663, 0.808915377, 0.125442624, 0.574386597, -0.044965468, 0.987311602, -0.152297527, -0.586202979, 0.097368248, 0.804291904),
        ["fov"] = 70
    },
    {
        ["cframe"] = CFrame.new(194.297012329, 438.120147705, 84.924362183, 0.807818174, 0.125783607, 0.575854361, -0.044843413, 0.987248898, -0.152737245, -0.587723434, 0.097560644, 0.803158164),
        ["fov"] = 70
    },
    {
        ["cframe"] = CFrame.new(194.306747437, 438.125671387, 84.917144775, 0.806528628, 0.126086444, 0.577593088, -0.044693537, 0.987200439, -0.153093889, -0.589503229, 0.097659931, 0.801840663),
        ["fov"] = 70
    },
    {
        ["cframe"] = CFrame.new(194.314880371, 438.130981445, 84.911193848, 0.805486262, 0.126238331, 0.579012811, -0.044565108, 0.987184584, -0.153233171, -0.590936422, 0.097623438, 0.800789475),
        ["fov"] = 70
    },
    {
        ["cframe"] = CFrame.new(194.328216553, 438.140563965, 84.901535034, 0.803799808, 0.126317248, 0.581334531, -0.044318747, 0.987196624, -0.153227717, -0.593246758, 0.097400375, 0.799106598),
        ["fov"] = 70
    },
    {
        ["cframe"] = CFrame.new(194.335067749, 438.145690918, 84.896629333, 0.802939832, 0.126294792, 0.582526565, -0.044175986, 0.987216115, -0.153142542, -0.594420791, 0.097230569, 0.798254490),
        ["fov"] = 70
    },
    {
        ["cframe"] = CFrame.new(194.344406128, 438.152923584, 84.890037537, 0.801766932, 0.126115665, 0.584178567, -0.043916255, 0.987271190, -0.152863756, -0.596021056, 0.096906178, 0.797099769),
        ["fov"] = 70
    },
    {
        ["cframe"] = CFrame.new(194.355972290, 438.161956787, 84.881904602, 0.800309837, 0.125828087, 0.586234927, -0.043566469, 0.987351060, -0.152447075, -0.598001778, 0.096464708, 0.795668542),
        ["fov"] = 70
    },
    {
        ["cframe"] = CFrame.new(194.368026733, 438.171508789, 84.873474121, 0.798791766, 0.125448391, 0.588382781, -0.043168709, 0.987448633, -0.151926652, -0.600056708, 0.095958047, 0.794181347),
        ["fov"] = 70
    },
    {
        ["cframe"] = CFrame.new(194.378479004, 438.179870605, 84.866172791, 0.797475696, 0.125050098, 0.590249836, -0.042794824, 0.987545431, -0.151401684, -0.601831436, 0.095479526, 0.792895019),
        ["fov"] = 70
    },
    {
        ["cframe"] = CFrame.new(194.391357422, 438.190277100, 84.857177734, 0.795858681, 0.124506660, 0.592542887, -0.042313460, 0.987673581, -0.150700331, -0.604002118, 0.094863623, 0.791316867),
        ["fov"] = 70
    },
    {
        ["cframe"] = CFrame.new(194.404541016, 438.201019287, 84.847961426, 0.794206917, 0.123903312, 0.594880939, -0.041802902, 0.987811983, -0.149934217, -0.606207788, 0.094211042, 0.789706528),
        ["fov"] = 70
    },
    {
        ["cframe"] = CFrame.new(194.415756226, 438.210174561, 84.840118408, 0.792804599, 0.123355426, 0.596862018, -0.041355647, 0.987934530, -0.149247482, -0.608071089, 0.093640484, 0.788340628),
        ["fov"] = 70
    },
    {
        ["cframe"] = CFrame.new(194.427200317, 438.219604492, 84.832092285, 0.791383386, 0.122763194, 0.598866820, -0.040887665, 0.988064706, -0.148514092, -0.609951198, 0.093045317, 0.786957502),
        ["fov"] = 70
    },
    {
        ["cframe"] = CFrame.new(194.441070557, 438.231079102, 84.822319031, 0.789663732, 0.122020788, 0.601283789, -0.040312849, 0.988224924, -0.147601515, -0.612214148, 0.092316099, 0.785284400),
        ["fov"] = 70
    },
    {
        ["cframe"] = CFrame.new(194.455139160, 438.242736816, 84.812393188, 0.787929893, 0.121241786, 0.603710830, -0.039722785, 0.988390207, -0.146652043, -0.614482284, 0.091570459, 0.783598304),
        ["fov"] = 70
    },
    {
        ["cframe"] = CFrame.new(194.469421387, 438.254608154, 84.802261353, 0.786188304, 0.120419540, 0.606141090, -0.039113913, 0.988561511, -0.145661071, -0.616747916, 0.090808496, 0.781905234),
        ["fov"] = 70
    },
    {
        ["cframe"] = CFrame.new(194.483795166, 438.266601562, 84.792007446, 0.784449637, 0.119575836, 0.608555913, -0.038499400, 0.988733530, -0.144650310, -0.618996322, 0.090041853, 0.780215323),
        ["fov"] = 70
    },
    {
        ["cframe"] = CFrame.new(194.495819092, 438.276641846, 84.783386230, 0.783004344, 0.118860304, 0.610554159, -0.037984893, 0.988878071, -0.143797204, -0.620855331, 0.089402013, 0.778810620),
        ["fov"] = 70
    },
    {
        ["cframe"] = CFrame.new(194.512756348, 438.290771484, 84.771202087, 0.780995965, 0.117839023, 0.613318145, -0.037260685, 0.989080429, -0.142588049, -0.623423517, 0.088508040, 0.776858687),
        ["fov"] = 70
    },
    {
        ["cframe"] = CFrame.new(194.524871826, 438.300903320, 84.762413025, 0.779590547, 0.117101610, 0.615244567, -0.036745157, 0.989224255, -0.141721830, -0.625210702, 0.087877743, 0.775492787),
        ["fov"] = 70
    },
    {
        ["cframe"] = CFrame.new(194.541793823, 438.315063477, 84.750083923, 0.777652085, 0.116072081, 0.617887080, -0.036032390, 0.989422619, -0.140516996, -0.627661407, 0.087009400, 0.773608744),
        ["fov"] = 70
    },
    {
        ["cframe"] = CFrame.new(194.553833008, 438.325134277, 84.741256714, 0.776295602, 0.115341291, 0.619727015, -0.035531163, 0.989561200, -0.139665633, -0.629366934, 0.086402178, 0.772290051),
        ["fov"] = 70
    },
    {
        ["cframe"] = CFrame.new(194.568145752, 438.337097168, 84.730690002, 0.774726987, 0.114478804, 0.621846199, -0.034944482, 0.989722371, -0.138667390, -0.631329477, 0.085699275, 0.770765007),
        ["fov"] = 70
    },
    {
        ["cframe"] = CFrame.new(194.582244873, 438.348846436, 84.720199585, 0.773245752, 0.113649882, 0.623838603, -0.034386814, 0.989875495, -0.137711510, -0.633173287, 0.085033022, 0.769324958),
        ["fov"] = 70
    },
    {
        ["cframe"] = CFrame.new(194.593795776, 438.358520508, 84.711555481, 0.772072911, 0.112986900, 0.625409663, -0.033944227, 0.989996016, -0.136948958, -0.634626687, 0.084505536, 0.768184662),
        ["fov"] = 70
    },
    {
        ["cframe"] = CFrame.new(194.607391357, 438.369873047, 84.701309204, 0.770752192, 0.112231418, 0.627172351, -0.033443667, 0.990132928, -0.136082575, -0.636256695, 0.083910994, 0.766900480),
        ["fov"] = 70
    },
    {
        ["cframe"] = CFrame.new(194.620254517, 438.380676270, 84.691474915, 0.769625485, 0.111580692, 0.628670394, -0.033014614, 0.990249276, -0.135339275, -0.637641549, 0.083405241, 0.765804708),
        ["fov"] = 70
    },
    {
        ["cframe"] = CFrame.new(194.632354736, 438.390899658, 84.682128906, 0.768707991, 0.111040376, 0.629887283, -0.032661695, 0.990344763, -0.134724006, -0.638765335, 0.082990237, 0.764912665),
        ["fov"] = 70
    },
    {
        ["cframe"] = CFrame.new(194.644989014, 438.401855469, 84.672157288, 0.767998874, 0.110615224, 0.630826473, -0.032387596, 0.990419149, -0.134239510, -0.639631748, 0.082664840, 0.764223635),
        ["fov"] = 70
    },
    {
        ["cframe"] = CFrame.new(194.653045654, 438.409027100, 84.665664673, 0.767718673, 0.110445566, 0.631197035, -0.032280538, 0.990449429, -0.134044319, -0.639973402, 0.082532942, 0.763951778),
        ["fov"] = 70
    },
    {
        ["cframe"] = CFrame.new(194.660690308, 438.411376953, 84.658370972, 0.767661035, 0.111837342, 0.631022096, -0.032913625, 0.990235806, -0.135460928, -0.640010238, 0.083218858, 0.763846457),
        ["fov"] = 70
    },
    {
        ["cframe"] = CFrame.new(194.667541504, 438.406402588, 84.650375366, 0.767576098, 0.115154207, 0.630528748, -0.034439191, 0.989717305, -0.138828605, -0.640031993, 0.084846608, 0.763649166),
        ["fov"] = 70
    },
    {
        ["cframe"] = CFrame.new(194.672698975, 438.397308350, 84.643249512, 0.767481148, 0.119203299, 0.629891455, -0.036305342, 0.989065409, -0.142939210, -0.640042663, 0.086834714, 0.763416708),
        ["fov"] = 70
    },
    {
        ["cframe"] = CFrame.new(194.677703857, 438.377471924, 84.633834839, 0.767323494, 0.126381323, 0.628683090, -0.039616495, 0.987856448, -0.150231466, -0.640035272, 0.090369910, 0.763012528),
        ["fov"] = 70
    },
    {
        ["cframe"] = CFrame.new(194.680725098, 438.354095459, 84.625259399, 0.767165422, 0.134106502, 0.627273858, -0.043175388, 0.986478806, -0.158097774, -0.639994502, 0.094204344, 0.762582779),
        ["fov"] = 70
    },
    {
        ["cframe"] = CFrame.new(194.683410645, 438.321472168, 84.614463806, 0.766961038, 0.144518360, 0.625208199, -0.047978312, 0.984496713, -0.168712422, -0.639897585, 0.099399418, 0.762004554),
        ["fov"] = 70
    },
    {
        ["cframe"] = CFrame.new(194.684860229, 438.283752441, 84.603057861, 0.766765416, 0.156169116, 0.622641087, -0.053369451, 0.982106447, -0.180606216, -0.639704943, 0.105252579, 0.761379957),
        ["fov"] = 70
    },
    {
        ["cframe"] = CFrame.new(194.684814453, 438.243286133, 84.591293335, 0.766762793, 0.168315262, 0.619471312, -0.059014164, 0.979409516, -0.193067282, -0.639212072, 0.111479245, 0.760907531),
        ["fov"] = 70
    },
    {
        ["cframe"] = CFrame.new(194.684616089, 438.217620850, 84.583641052, 0.766876042, 0.175942957, 0.617207587, -0.062580884, 0.977605999, -0.200922877, -0.638736844, 0.115457542, 0.760713339),
        ["fov"] = 70
    },
    {
        ["cframe"] = CFrame.new(194.684051514, 438.181121826, 84.572456360, 0.767239392, 0.186682433, 0.613590479, -0.067643978, 0.974918842, -0.212032422, -0.637783647, 0.121173926, 0.760623991),
        ["fov"] = 70
    },
    {
        ["cframe"] = CFrame.new(194.684509277, 438.159820557, 84.564514160, 0.768156648, 0.192850485, 0.610527694, -0.070662297, 0.973269641, -0.218525365, -0.636350691, 0.124720417, 0.761250675),
        ["fov"] = 70
    },
    {
        ["cframe"] = CFrame.new(194.686523438, 438.142211914, 84.556114197, 0.769688249, 0.197858974, 0.606985867, -0.073254816, 0.971854210, -0.223904237, -0.634203255, 0.127871811, 0.762518883),
        ["fov"] = 70
    },
    {
        ["cframe"] = CFrame.new(194.690002441, 438.133789062, 84.549263000, 0.771893144, 0.199996039, 0.603475332, -0.074608229, 0.971167922, -0.226422042, -0.631359279, 0.129749388, 0.764559031),
        ["fov"] = 70
    },
    {
        ["cframe"] = CFrame.new(194.693405151, 438.131805420, 84.544441223, 0.775124550, 0.199713662, 0.599413276, -0.074922271, 0.971087217, -0.226663753, -0.627350330, 0.130783245, 0.767676473),
        ["fov"] = 70
    },
    {
        ["cframe"] = CFrame.new(194.694091797, 438.128082275, 84.541122437, 0.779390574, 0.199079871, 0.594068646, -0.075113140, 0.971027136, -0.226858392, -0.622019589, 0.132188931, 0.771762788),
        ["fov"] = 70
    },
    {
        ["cframe"] = CFrame.new(194.693771362, 438.123931885, 84.538665771, 0.783362567, 0.198388711, 0.589054286, -0.075214796, 0.970987201, -0.226995081, -0.616997361, 0.133513868, 0.775556743),
        ["fov"] = 70
    },
    {
        ["cframe"] = CFrame.new(194.692642212, 438.117645264, 84.535820007, 0.788568795, 0.197370484, 0.582412362, -0.075269654, 0.970951796, -0.227127641, -0.610322714, 0.135267779, 0.780518293),
        ["fov"] = 70
    },
    {
        ["cframe"] = CFrame.new(194.692779541, 438.110534668, 84.531990051, 0.793073833, 0.196405113, 0.576592565, -0.075270638, 0.970935106, -0.227199331, -0.604456961, 0.136785343, 0.784806669),
        ["fov"] = 70
    },
    {
        ["cframe"] = CFrame.new(194.702453613, 438.087341309, 84.514060974, 0.803714633, 0.194024101, 0.562492192, -0.075293541, 0.970905602, -0.227317899, -0.590231895, 0.140346706, 0.794939697),
        ["fov"] = 70
    },
    {
        ["cframe"] = CFrame.new(194.711929321, 438.076263428, 84.502639771, 0.807038784, 0.193281129, 0.557970107, -0.075346112, 0.970896184, -0.227339610, -0.585671544, 0.141431019, 0.798114002),
        ["fov"] = 70
    },
    {
        ["cframe"] = CFrame.new(194.731109619, 438.060974121, 84.483345032, 0.809852004, 0.192729443, 0.554071367, -0.075502552, 0.970880568, -0.227355808, -0.581755102, 0.142290741, 0.800821006),
        ["fov"] = 70
    },
    {
        ["cframe"] = CFrame.new(194.757354736, 438.044097900, 84.459190369, 0.811564386, 0.192514330, 0.551635325, -0.075753756, 0.970857620, -0.227369338, -0.579331279, 0.142736420, 0.802497149),
        ["fov"] = 70
    },
    {
        ["cframe"] = CFrame.new(194.783782959, 438.029022217, 84.435943604, 0.812274694, 0.192560241, 0.550572693, -0.076026842, 0.970833778, -0.227380157, -0.578298986, 0.142836839, 0.803223431),
        ["fov"] = 70
    },
    {
        ["cframe"] = CFrame.new(194.824829102, 438.024414062, 84.405990601, 0.811946273, 0.191877961, 0.551294923, -0.078036606, 0.971633434, -0.223244533, -0.578492403, 0.138241395, 0.803887963),
        ["fov"] = 70
    },
    {
        ["cframe"] = CFrame.new(194.869583130, 438.035491943, 84.377708435, 0.811355948, 0.190060973, 0.552791357, -0.081772521, 0.973271012, -0.214609310, -0.578804553, 0.128921375, 0.805210829),
        ["fov"] = 70
    },
    {
        ["cframe"] = CFrame.new(194.908981323, 438.053894043, 84.354988098, 0.810695469, 0.187869415, 0.554506898, -0.085889935, 0.975033700, -0.204773679, -0.579133630, 0.118382536, 0.806591451),
        ["fov"] = 70
    },
    {
        ["cframe"] = CFrame.new(194.958862305, 438.088439941, 84.328460693, 0.809689403, 0.184278101, 0.557175577, -0.092208810, 0.977575958, -0.189321592, -0.579569340, 0.101915181, 0.808524966),
        ["fov"] = 70
    },
    {
        ["cframe"] = CFrame.new(195.009460449, 438.130004883, 84.301780701, 0.808571994, 0.180084631, 0.560161412, -0.099286966, 0.980119407, -0.171778679, -0.579959810, 0.083278716, 0.810377181),
        ["fov"] = 70
    },
    {
        ["cframe"] = CFrame.new(195.051269531, 438.166412354, 84.279388428, 0.807570457, 0.176392719, 0.562774777, -0.105356090, 0.982024133, -0.156615838, -0.580284357, 0.067186572, 0.811637759),
        ["fov"] = 70
    },
    {
        ["cframe"] = CFrame.new(195.100555420, 438.211212158, 84.252258301, 0.806296766, 0.171793565, 0.566014528, -0.112722263, 0.983985901, -0.138079181, -0.580671310, 0.047530353, 0.812749445),
        ["fov"] = 70
    },
    {
        ["cframe"] = CFrame.new(195.138549805, 438.245086670, 84.229858398, 0.802101076, 0.164810702, 0.573995888, -0.117967598, 0.985951841, -0.118247367, -0.585420847, 0.027133413, 0.810275435),
        ["fov"] = 70
    },
    {
        ["cframe"] = CFrame.new(195.174591064, 438.275787354, 84.208061218, 0.797754884, 0.157926992, 0.581933022, -0.122911669, 0.987419784, -0.099473372, -0.590321660, 0.007829015, 0.807130098),
        ["fov"] = 70
    },
    {
        ["cframe"] = CFrame.new(195.207672119, 438.301757812, 84.187141418, 0.793304622, 0.151284352, 0.589729369, -0.127364114, 0.988440812, -0.082236230, -0.595353723, -0.009871980, 0.803403020),
        ["fov"] = 70
    },
    {
        ["cframe"] = CFrame.new(195.245864868, 438.323944092, 84.161743164, 0.791267276, 0.150965050, 0.592541754, -0.132000789, 0.988367081, -0.075540617, -0.597052693, -0.018443169, 0.801989973),
        ["fov"] = 70
    },
    {
        ["cframe"] = CFrame.new(195.274047852, 438.328582764, 84.142105103, 0.789984405, 0.155077323, 0.593190968, -0.134214655, 0.987758994, -0.079487987, -0.598256648, -0.016820643, 0.801127970),
        ["fov"] = 70
    },
    {
        ["cframe"] = CFrame.new(195.290115356, 438.323944092, 84.130500793, 0.788775146, 0.158451974, 0.593907952, -0.134712547, 0.987276077, -0.084487781, -0.599738419, -0.013364983, 0.800084472),
        ["fov"] = 70
    },
    {
        ["cframe"] = CFrame.new(195.306518555, 438.311859131, 84.118293762, 0.786783397, 0.161790490, 0.595647335, -0.134460837, 0.986784637, -0.090423979, -0.602405310, -0.008947149, 0.798140228),
        ["fov"] = 70
    },
    {
        ["cframe"] = CFrame.new(195.322006226, 438.301055908, 84.106689453, 0.784903288, 0.163658932, 0.597614110, -0.134205267, 0.986495495, -0.093891107, -0.604909718, -0.006507527, 0.796267450),
        ["fov"] = 70
    },
    {
        ["cframe"] = CFrame.new(195.337982178, 438.290039062, 84.094680786, 0.783134639, 0.165158704, 0.599518716, -0.133937269, 0.986256659, -0.096740857, -0.607256889, -0.004536791, 0.794492543),
        ["fov"] = 70
    },
    {
        ["cframe"] = CFrame.new(195.358001709, 438.276458740, 84.079521179, 0.781221926, 0.166292384, 0.601696908, -0.133604124, 0.986071944, -0.099056154, -0.609788716, -0.003004358, 0.792558312),
        ["fov"] = 70
    },
    {
        ["cframe"] = CFrame.new(195.378234863, 438.263061523, 84.063987732, 0.779299557, 0.166773468, 0.604051888, -0.133153290, 0.985992908, -0.100440286, -0.612341583, -0.002158426, 0.790590286),
        ["fov"] = 70
    },
    {
        ["cframe"] = CFrame.new(195.391403198, 438.254516602, 84.053810120, 0.777893305, 0.166949719, 0.605813265, -0.132794514, 0.985963702, -0.101196878, -0.614204824, -0.001728309, 0.789144754),
        ["fov"] = 70
    },
    {
        ["cframe"] = CFrame.new(195.410690308, 438.242340088, 84.038818359, 0.775592566, 0.166997388, 0.608742952, -0.132169753, 0.985956788, -0.102082960, -0.617241681, -0.001282634, 0.786772490),
        ["fov"] = 70
    },
    {
        ["cframe"] = CFrame.new(195.428436279, 438.232147217, 84.024887085, 0.772806048, 0.164902106, 0.612844288, -0.131494135, 0.986303389, -0.099575065, -0.620870411, -0.003633222, 0.783904791),
        ["fov"] = 70
    },
    {
        ["cframe"] = CFrame.new(195.445129395, 438.223205566, 84.011749268, 0.769896686, 0.161434636, 0.617412210, -0.130825117, 0.986853361, -0.094896853, -0.624614894, -0.007712248, 0.780894756),
        ["fov"] = 70
    },
    {
        ["cframe"] = CFrame.new(195.458343506, 438.216522217, 84.001296997, 0.767402232, 0.158088788, 0.621370792, -0.130257428, 0.987356663, -0.090332791, -0.627795160, -0.011616576, 0.778291881),
        ["fov"] = 70
    },
    {
        ["cframe"] = CFrame.new(195.475494385, 438.208557129, 83.987670898, 0.763872325, 0.154084787, 0.626703203, -0.129340231, 0.987928987, -0.085248351, -0.632273793, -0.015939085, 0.774581015),
        ["fov"] = 70
    },
    {
        ["cframe"] = CFrame.new(195.486694336, 438.203735352, 83.978713989, 0.760786831, 0.152746022, 0.630770922, -0.128461108, 0.988121271, -0.084341437, -0.636161208, -0.016863670, 0.771371841),
        ["fov"] = 70
    },
    {
        ["cframe"] = CFrame.new(195.497528076, 438.199157715, 83.970016479, 0.757507384, 0.151652187, 0.634967804, -0.127531126, 0.988280356, -0.083892569, -0.640248716, -0.017428927, 0.767969966),
        ["fov"] = 70
    },
    {
        ["cframe"] = CFrame.new(195.509872437, 438.194091797, 83.960067749, 0.753232777, 0.150778875, 0.640239120, -0.126310125, 0.988412976, -0.084173083, -0.645512283, -0.017466757, 0.763550103),
        ["fov"] = 70
    },
    {
        ["cframe"] = CFrame.new(195.522949219, 438.187500000, 83.949264526, 0.749048412, 0.150470316, 0.645201683, -0.124740504, 0.988480449, -0.085710086, -0.650666058, -0.016281780, 0.759189427),
        ["fov"] = 70
    },
    {
        ["cframe"] = CFrame.new(195.531692505, 438.182128906, 83.941864014, 0.747276008, 0.152953967, 0.646671176, -0.123486608, 0.988162339, -0.091027379, -0.652939200, -0.011832648, 0.757317841),
        ["fov"] = 70
    },
    {
        ["cframe"] = CFrame.new(195.543426514, 438.174102783, 83.931739807, 0.745377183, 0.156990007, 0.647894263, -0.121665038, 0.987588584, -0.099329785, -0.655446708, -0.004787932, 0.755226195),
        ["fov"] = 70
    },
    {
        ["cframe"] = CFrame.new(195.551528931, 438.168090820, 83.924636841, 0.744156480, 0.159498677, 0.648684204, -0.120350696, 0.987197757, -0.104668856, -0.657074451, -0.000179586, 0.753825665),
        ["fov"] = 70
    },
    {
        ["cframe"] = CFrame.new(195.560806274, 438.160614014, 83.916320801, 0.742365062, 0.159013018, 0.650852442, -0.118881688, 0.987275958, -0.105609380, -0.659364223, 0.001026281, 0.751822948),
        ["fov"] = 70
    },
    {
        ["cframe"] = CFrame.new(195.569854736, 438.153015137, 83.908096313, 0.740537703, 0.158299044, 0.653104424, -0.117392153, 0.987389028, -0.106214963, -0.661682010, 0.001986840, 0.749781966),
        ["fov"] = 70
    },
    {
        ["cframe"] = CFrame.new(195.577239990, 438.146636963, 83.901306152, 0.738979697, 0.157640651, 0.655025482, -0.116133094, 0.987492800, -0.106635526, -0.663643003, 0.002731351, 0.748044372),
        ["fov"] = 70
    },
    {
        ["cframe"] = CFrame.new(195.585876465, 438.138946533, 83.893257141, 0.737027049, 0.157004863, 0.657374024, -0.114578702, 0.987590313, -0.107410513, -0.666080236, 0.003843376, 0.745870173),
        ["fov"] = 70
    },
    {
        ["cframe"] = CFrame.new(195.594299316, 438.131286621, 83.885292053, 0.734994829, 0.156613946, 0.659738243, -0.112984218, 0.987646222, -0.108582884, -0.668593347, 0.005267859, 0.743609488),
        ["fov"] = 70
    },
    {
        ["cframe"] = CFrame.new(195.602569580, 438.123626709, 83.877395630, 0.732904136, 0.156422853, 0.662105262, -0.111360736, 0.987665594, -0.110068232, -0.671155930, 0.006936940, 0.741283715),
        ["fov"] = 70
    },
    {
        ["cframe"] = CFrame.new(195.610687256, 438.116058350, 83.869544983, 0.730760932, 0.156430289, 0.664468110, -0.109711006, 0.987649143, -0.111857533, -0.673759460, 0.008841655, 0.738897741),
        ["fov"] = 70
    },
    {
        ["cframe"] = CFrame.new(195.617294312, 438.109802246, 83.863067627, 0.728928447, 0.156632319, 0.666430473, -0.108316906, 0.987599254, -0.113642342, -0.675966501, 0.010651455, 0.736855388),
        ["fov"] = 70
    },
    {
        ["cframe"] = CFrame.new(195.625122070, 438.102386475, 83.855346680, 0.726717651, 0.156968579, 0.668761730, -0.106638536, 0.987519264, -0.115905814, -0.678608596, 0.012915028, 0.734386444),
        ["fov"] = 70
    },
    {
        ["cframe"] = CFrame.new(195.634094238, 438.093872070, 83.846412659, 0.724142730, 0.157422140, 0.671442866, -0.104681730, 0.987408400, -0.118603393, -0.681658983, 0.015597984, 0.731503725),
        ["fov"] = 70
    },
    {
        ["cframe"] = CFrame.new(195.639144897, 438.089050293, 83.841331482, 0.722679913, 0.157686561, 0.672955155, -0.103566706, 0.987340748, -0.120133981, -0.683379591, 0.017122658, 0.729862392),
        ["fov"] = 70
    },
    {
        ["cframe"] = CFrame.new(195.647827148, 438.080871582, 83.832527161, 0.720144868, 0.158155203, 0.675557792, -0.101633675, 0.987216651, -0.122776277, -0.686339557, 0.019757288, 0.727012813),
        ["fov"] = 70
    },
    {
        ["cframe"] = CFrame.new(195.653945923, 438.075134277, 83.826278687, 0.718349755, 0.158493847, 0.677387118, -0.100264758, 0.987123191, -0.124637455, -0.688418925, 0.021615226, 0.724991202),
        ["fov"] = 70
    },
    {
        ["cframe"] = CFrame.new(195.660003662, 438.069458008, 83.820068359, 0.716562688, 0.158836186, 0.679197252, -0.098900199, 0.987026036, -0.126483530, -0.690475702, 0.023460638, 0.722975075),
        ["fov"] = 70
    },
    {
        ["cframe"] = CFrame.new(195.665939331, 438.064025879, 83.813919067, 0.714797616, 0.159176469, 0.680975199, -0.097558655, 0.986926734, -0.128287852, -0.692493081, 0.025264831, 0.720982015),
        ["fov"] = 70
    },
    {
        ["cframe"] = CFrame.new(195.673004150, 438.057617188, 83.806587219, 0.712692618, 0.159586161, 0.683082342, -0.095960177, 0.986803532, -0.130423635, -0.694881916, 0.027403247, 0.718601525),
        ["fov"] = 70
    },
    {
        ["cframe"] = CFrame.new(195.679992676, 438.051391602, 83.799308777, 0.710604131, 0.159995511, 0.685159326, -0.094379500, 0.986677349, -0.132520124, -0.697233319, 0.029504355, 0.716236830),
        ["fov"] = 70
    },
    {
        ["cframe"] = CFrame.new(195.685714722, 438.046417236, 83.793312073, 0.708884239, 0.160331845, 0.686860085, -0.093084767, 0.986569405, -0.134222656, -0.699155390, 0.031212121, 0.714288116),
        ["fov"] = 70
    },
    {
        ["cframe"] = CFrame.new(195.692504883, 438.040618896, 83.786178589, 0.706840217, 0.160730377, 0.688870549, -0.091553681, 0.986439228, -0.136218548, -0.701423466, 0.033216100, 0.711970389),
        ["fov"] = 70
    },
    {
        ["cframe"] = CFrame.new(195.699218750, 438.035095215, 83.779113770, 0.704815805, 0.161122888, 0.690850317, -0.090045743, 0.986307621, -0.138164565, -0.703652263, 0.035172448, 0.709673464),
        ["fov"] = 70
    },
    {
        ["cframe"] = CFrame.new(195.704757690, 438.030639648, 83.773292542, 0.703144848, 0.161443636, 0.692476153, -0.088810034, 0.986197293, -0.139743328, -0.705478609, 0.036760971, 0.707777202),
        ["fov"] = 70
    },
    {
        ["cframe"] = CFrame.new(195.711303711, 438.025634766, 83.766395569, 0.701168060, 0.161813527, 0.694391608, -0.087362826, 0.986065745, -0.141566858, -0.707623541, 0.038598128, 0.705534637),
        ["fov"] = 70
    },
    {
        ["cframe"] = CFrame.new(195.717788696, 438.020874023, 83.759582520, 0.699213326, 0.162171394, 0.696276605, -0.085944682, 0.985936224, -0.143329501, -0.709728241, 0.040376630, 0.703317463),
        ["fov"] = 70
    },
    {
        ["cframe"] = CFrame.new(195.723144531, 438.017089844, 83.753952026, 0.697598100, 0.162462130, 0.697827280, -0.084780797, 0.985828042, -0.144759059, -0.711455524, 0.041821301, 0.701485515),
        ["fov"] = 70
    },
    {
        ["cframe"] = CFrame.new(195.729492188, 438.013000488, 83.747337341, 0.695697606, 0.162784323, 0.699647129, -0.083436772, 0.985704303, -0.146374434, -0.713472605, 0.043456037, 0.699334204),
        ["fov"] = 70
    },
    {
        ["cframe"] = CFrame.new(195.734725952, 438.009796143, 83.741897583, 0.694133341, 0.163038209, 0.701140046, -0.082343332, 0.985603571, -0.147664949, -0.715121210, 0.044764973, 0.697565556),
        ["fov"] = 70
    },
    {
        ["cframe"] = CFrame.new(195.740966797, 438.006256104, 83.735458374, 0.692279100, 0.163325548, 0.702904284, -0.081062250, 0.985486388, -0.149148941, -0.717062414, 0.046273690, 0.695471227),
        ["fov"] = 70
    },
    {
        ["cframe"] = CFrame.new(195.747131348, 438.003112793, 83.729156494, 0.690459430, 0.163582936, 0.704632044, -0.079831816, 0.985376239, -0.150532663, -0.718952477, 0.047684658, 0.693421662),
        ["fov"] = 70
    },
    {
        ["cframe"] = CFrame.new(195.752212524, 438.000885010, 83.724021912, 0.688974142, 0.163769096, 0.706041276, -0.078850627, 0.985292196, -0.151597902, -0.720484018, 0.048775241, 0.691754103),
        ["fov"] = 70
    },
    {
        ["cframe"] = CFrame.new(195.758285522, 437.998504639, 83.717956543, 0.687216103, 0.163968846, 0.707706273, -0.077709235, 0.985196948, -0.152801484, -0.722284734, 0.050012328, 0.689785063),
        ["fov"] = 70
    },
    {
        ["cframe"] = CFrame.new(195.764297485, 437.996551514, 83.712028503, 0.685490429, 0.164136857, 0.709339082, -0.076615527, 0.985110462, -0.153908998, -0.724039316, 0.051156752, 0.687858999),
        ["fov"] = 70
    },
    {
        ["cframe"] = CFrame.new(195.769256592, 437.995452881, 83.707267761, 0.684098363, 0.164228752, 0.710660458, -0.075771518, 0.985051811, -0.154699266, -0.725443363, 0.051981699, 0.686316133),
        ["fov"] = 70
    },
    {
        ["cframe"] = CFrame.new(195.774200439, 437.994628906, 83.702590942, 0.682725787, 0.164299965, 0.711962819, -0.074955858, 0.984998941, -0.155430883, -0.726819932, 0.052750871, 0.684799373),
        ["fov"] = 70
    },
    {
        ["cframe"] = CFrame.new(195.780090332, 437.994049072, 83.697128296, 0.681113422, 0.164346963, 0.713494539, -0.074029647, 0.984946787, -0.156203598, -0.728425622, 0.053572640, 0.683027029),
        ["fov"] = 70
    },
    {
        ["cframe"] = CFrame.new(195.785919189, 437.994293213, 83.691925049, 0.679566801, 0.164318278, 0.714974463, -0.073201768, 0.984916568, -0.156780928, -0.729952395, 0.054205723, 0.681345165),
        ["fov"] = 70
    },
    {
        ["cframe"] = CFrame.new(195.791717529, 437.995147705, 83.686920166, 0.678067863, 0.164232388, 0.716415882, -0.072446130, 0.984903932, -0.157212779, -0.731420279, 0.054699369, 0.679729700),
        ["fov"] = 70
    },
    {
        ["cframe"] = CFrame.new(195.796539307, 437.996276855, 83.682891846, 0.676851749, 0.164120451, 0.717590511, -0.071866967, 0.984905362, -0.157471120, -0.732602775, 0.055013537, 0.678429544),
        ["fov"] = 70
    },
    {
        ["cframe"] = CFrame.new(195.801315308, 437.998077393, 83.679092407, 0.675691307, 0.163941801, 0.718724072, -0.071370341, 0.984926283, -0.157565653, -0.733721733, 0.055170156, 0.677206576),
        ["fov"] = 70
    },
    {
        ["cframe"] = CFrame.new(195.806701660, 438.000518799, 83.674896240, 0.674404681, 0.163686842, 0.719989598, -0.070839033, 0.984963477, -0.157573581, -0.734955966, 0.055264983, 0.675859094),
        ["fov"] = 70
    },
    {
        ["cframe"] = CFrame.new(195.811645508, 438.003021240, 83.671096802, 0.673239231, 0.163408101, 0.721142590, -0.070358060, 0.985006928, -0.157514393, -0.736069679, 0.055306688, 0.674642503),
        ["fov"] = 70
    },
    {
        ["cframe"] = CFrame.new(195.815322876, 438.005004883, 83.668304443, 0.672381282, 0.163170114, 0.721996427, -0.069987111, 0.985045195, -0.157441109, -0.736888826, 0.055329997, 0.673745871),
        ["fov"] = 70
    },
    {
        ["cframe"] = CFrame.new(195.819274902, 438.007202148, 83.665496826, 0.671489179, 0.162876755, 0.722892404, -0.069578782, 0.985093355, -0.157322660, -0.737740517, 0.055342495, 0.672812104),
        ["fov"] = 70
    },
    {
        ["cframe"] = CFrame.new(195.822372437, 438.009002686, 83.663444519, 0.670816243, 0.162628338, 0.723572791, -0.069257632, 0.985133827, -0.157208174, -0.738382697, 0.055344861, 0.672107160),
        ["fov"] = 70
    },
    {
        ["cframe"] = CFrame.new(195.825881958, 438.011047363, 83.661354065, 0.670092165, 0.162325710, 0.724311233, -0.068895437, 0.985184133, -0.157051891, -0.739073634, 0.055337507, 0.671347857),
        ["fov"] = 70
    },
    {
        ["cframe"] = CFrame.new(195.829193115, 438.013031006, 83.659866333, 0.669484675, 0.162015945, 0.724942088, -0.068565741, 0.985236466, -0.156868160, -0.739654601, 0.055314641, 0.670709550),
        ["fov"] = 70
    },
    {
        ["cframe"] = CFrame.new(195.831924438, 438.014648438, 83.658927917, 0.669030249, 0.161754772, 0.725419760, -0.068306051, 0.985280752, -0.156702489, -0.740089715, 0.055288143, 0.670231640),
        ["fov"] = 70
    },
    {
        ["cframe"] = CFrame.new(195.835189819, 438.016571045, 83.658142090, 0.668537855, 0.161438376, 0.725944102, -0.068010539, 0.985335350, -0.156490415, -0.740561724, 0.055247918, 0.669713378),
        ["fov"] = 70
    },
    {
        ["cframe"] = CFrame.new(195.838500977, 438.018463135, 83.657852173, 0.668118417, 0.161117345, 0.726401389, -0.067736760, 0.985390902, -0.156259790, -0.740965247, 0.055195980, 0.669271111),
        ["fov"] = 70
    },
    {
        ["cframe"] = CFrame.new(195.841949463, 438.020355225, 83.658073425, 0.667760134, 0.160791695, 0.726802886, -0.067482017, 0.985447109, -0.156011954, -0.741311431, 0.055132426, 0.668892980),
        ["fov"] = 70
    },
    {
        ["cframe"] = CFrame.new(195.844924927, 438.021942139, 83.658538818, 0.667492211, 0.160518333, 0.727109313, -0.067280039, 0.985495269, -0.155796587, -0.741570950, 0.055073075, 0.668610096),
        ["fov"] = 70
    },
    {
        ["cframe"] = CFrame.new(195.848648071, 438.023834229, 83.659469604, 0.667210042, 0.160187587, 0.727441132, -0.067050651, 0.985553682, -0.155526772, -0.741845608, 0.054993618, 0.668311894),
        ["fov"] = 70
    },
    {
        ["cframe"] = CFrame.new(195.852722168, 438.025756836, 83.661033630, 0.669219553, 0.154485509, 0.726828277, -0.067620680, 0.986752450, -0.147470638, -0.739981472, 0.049541604, 0.670800209),
        ["fov"] = 70
    },
    {
        ["cframe"] = CFrame.new(195.857101440, 438.027740479, 83.663024902, 0.670477688, 0.161127523, 0.724221945, -0.067337893, 0.985319853, -0.156876758, -0.738867521, 0.056414787, 0.671485007),
        ["fov"] = 70
    },
    {
        ["cframe"] = CFrame.new(195.860946655, 438.029388428, 83.664978027, 0.670999229, 0.168264002, 0.722113013, -0.066906311, 0.983676910, -0.167042211, -0.738433182, 0.063771278, 0.671304464),
        ["fov"] = 70
    },
    {
        ["cframe"] = CFrame.new(195.865982056, 438.031433105, 83.667861938, 0.670188248, 0.160070270, 0.724724174, -0.067025006, 0.985528827, -0.155693039, -0.739158452, 0.055769004, 0.671218693),
        ["fov"] = 70
    },
    {
        ["cframe"] = CFrame.new(195.870590210, 438.033203125, 83.670730591, 0.669249356, 0.158494905, 0.725937068, -0.066780642, 0.985861599, -0.153678790, -0.740030825, 0.054370906, 0.670371711),
        ["fov"] = 70
    },
    {
        ["cframe"] = CFrame.new(195.876480103, 438.035400391, 83.674552917, 0.668109298, 0.158184499, 0.727054060, -0.066401154, 0.985917091, -0.153487280, -0.741094410, 0.054269060, 0.669203937),
        ["fov"] = 70
    },
    {
        ["cframe"] = CFrame.new(195.881790161, 438.037261963, 83.678153992, 0.667285800, 0.157924861, 0.727866352, -0.066117540, 0.985963941, -0.153309613, -0.741861224, 0.054176591, 0.668361247),
        ["fov"] = 70
    },
    {
        ["cframe"] = CFrame.new(195.888824463, 438.039611816, 83.683113098, 0.666635036, 0.157599136, 0.728532910, -0.065857455, 0.986023307, -0.153038427, -0.742469132, 0.054041468, 0.667696774),
        ["fov"] = 70
    },
    {
        ["cframe"] = CFrame.new(195.895111084, 438.041656494, 83.687637329, 0.666271567, 0.157319635, 0.728925705, -0.065683559, 0.986074924, -0.152780801, -0.742810786, 0.053915080, 0.667326987),
        ["fov"] = 70
    },
    {
        ["cframe"] = CFrame.new(195.903213501, 438.044189453, 83.693557739, 0.666056871, 0.156974033, 0.729196370, -0.065527879, 0.986139059, -0.152432114, -0.743017077, 0.053745769, 0.667110980),
        ["fov"] = 70
    },
    {
        ["cframe"] = CFrame.new(195.912338257, 438.046875000, 83.700355530, 0.666012645, 0.156618997, 0.729313135, -0.065418467, 0.986206353, -0.152045920, -0.743066311, 0.053553950, 0.667071462),
        ["fov"] = 70
    },
    {
        ["cframe"] = CFrame.new(195.923980713, 438.050170898, 83.709083557, 0.665961146, 0.156203255, 0.729449332, -0.065300032, 0.986284554, -0.151585087, -0.743122876, 0.053316701, 0.667027473),
        ["fov"] = 70
    },
