return {
    {
        ["cframe"] = CFrame.new(148.791610718, 438.050415039, 41.451538086, 0.998431087, 0.041822553, -0.037231475, -0.046506576, 0.989695847, -0.135423347, 0.031184085, 0.136942387, 0.990088046),
        ["fov"] = 70
    },
    {
        ["cframe"] = CFrame.new(148.796051025, 438.049774170, 41.451354980, 0.998462737, 0.041891355, -0.036294702, -0.046469487, 0.989593625, -0.136180744, 0.030212196, 0.137658015, 0.990018904),
        ["fov"] = 70
    },
    {
        ["cframe"] = CFrame.new(148.801452637, 438.049041748, 41.451141357, 0.998499751, 0.041976064, -0.035159446, -0.046423171, 0.989472687, -0.137071371, 0.029035596, 0.138497934, 0.989937007),
        ["fov"] = 70
    },
    {
        ["cframe"] = CFrame.new(148.809127808, 438.048156738, 41.450836182, 0.998549879, 0.042098623, -0.033552624, -0.046355795, 0.989305675, -0.138295427, 0.027371755, 0.139650255, 0.989822507),
        ["fov"] = 70
    },
    {
        ["cframe"] = CFrame.new(148.814651489, 438.047576904, 41.450622559, 0.998584270, 0.042188823, -0.032396305, -0.046306204, 0.989188075, -0.139150724, 0.026175434, 0.140453875, 0.989741147),
        ["fov"] = 70
    },
    {
        ["cframe"] = CFrame.new(148.826095581, 438.081878662, 41.450180054, 0.998650491, 0.042379450, -0.030019362, -0.046201650, 0.988953650, -0.140842497, 0.023718920, 0.142039374, 0.989576817),
        ["fov"] = 70
    },
    {
        ["cframe"] = CFrame.new(148.834518433, 438.092559814, 41.449863434, 0.998695314, 0.042522348, -0.028277103, -0.046122029, 0.988786757, -0.142034501, 0.021920387, 0.143153384, 0.989457786),
        ["fov"] = 70
    },
    {
        ["cframe"] = CFrame.new(148.839080811, 438.095214844, 41.449695587, 0.998718023, 0.042600933, -0.027336707, -0.046078198, 0.988699794, -0.142650291, 0.020950766, 0.143727064, 0.989395499),
        ["fov"] = 70
    },
    {
        ["cframe"] = CFrame.new(148.845184326, 438.097259521, 41.449470520, 0.998747110, 0.042706501, -0.026083507, -0.046018846, 0.988583863, -0.143470705, 0.019658610, 0.144491270, 0.989310741),
        ["fov"] = 70
    },
    {
        ["cframe"] = CFrame.new(148.851776123, 438.098571777, 41.449237823, 0.998776376, 0.042821981, -0.024738220, -0.045954015, 0.988466620, -0.144298419, 0.018273769, 0.145258680, 0.989224911),
        ["fov"] = 70
    },
    {
        ["cframe"] = CFrame.new(148.858383179, 438.099365234, 41.449001312, 0.998803794, 0.042938456, -0.023393465, -0.045888033, 0.988348782, -0.145125270, 0.016889447, 0.146025151, 0.989136696),
        ["fov"] = 70
    },
    {
        ["cframe"] = CFrame.new(148.865402222, 438.100128174, 41.448764801, 0.998830557, 0.043062709, -0.021977562, -0.045816842, 0.988232911, -0.145934269, 0.015434618, 0.146770567, 0.989050090),
        ["fov"] = 70
    },
    {
        ["cframe"] = CFrame.new(148.872421265, 438.100738525, 41.448524475, 0.998855293, 0.043188017, -0.020561937, -0.045744453, 0.988116622, -0.146742448, 0.013980079, 0.147515073, 0.988960922),
        ["fov"] = 70
    },
    {
        ["cframe"] = CFrame.new(148.879791260, 438.101654053, 41.448291779, 0.998878777, 0.043319076, -0.019094774, -0.045667354, 0.988005936, -0.147509143, 0.012475785, 0.148215771, 0.988876343),
        ["fov"] = 70
    },
    {
        ["cframe"] = CFrame.new(148.887161255, 438.102478027, 41.448055267, 0.998899996, 0.043451283, -0.017627435, -0.045589149, 0.987894714, -0.148274973, 0.010971313, 0.148915485, 0.988789022),
        ["fov"] = 70
    },
    {
        ["cframe"] = CFrame.new(148.894805908, 438.103729248, 41.447834015, 0.998919368, 0.043586757, -0.016129060, -0.045506716, 0.987793148, -0.148975998, 0.009438787, 0.149548993, 0.988709211),
        ["fov"] = 70
    },
    {
        ["cframe"] = CFrame.new(148.902450562, 438.104980469, 41.447612762, 0.998936534, 0.043723140, -0.014629033, -0.045422886, 0.987690747, -0.149676248, 0.007904662, 0.150181562, 0.988626838),
        ["fov"] = 70
    },
    {
        ["cframe"] = CFrame.new(148.910308838, 438.106750488, 41.447410583, 0.998951554, 0.043860219, -0.013115199, -0.045335058, 0.987602055, -0.150290504, 0.006360814, 0.150727510, 0.988554835),
        ["fov"] = 70
    },
    {
        ["cframe"] = CFrame.new(148.918151855, 438.108520508, 41.447212219, 0.998964250, 0.043998178, -0.011601645, -0.045246340, 0.987512708, -0.150904030, 0.004817265, 0.151272669, 0.988480330),
        ["fov"] = 70
    },
    {
        ["cframe"] = CFrame.new(148.926147461, 438.110870361, 41.447036743, 0.998974621, 0.044134621, -0.010091944, -0.045154586, 0.987438858, -0.151410744, 0.003282740, 0.151711181, 0.988419473),
        ["fov"] = 70
    },
    {
        ["cframe"] = CFrame.new(148.934127808, 438.113250732, 41.446861267, 0.998982668, 0.044271681, -0.008582802, -0.045062043, 0.987365842, -0.151916906, 0.001748751, 0.152149126, 0.988355994),
        ["fov"] = 70
    },
    {
        ["cframe"] = CFrame.new(148.942199707, 438.116241455, 41.446731567, 0.998988509, 0.044403162, -0.007092753, -0.044965431, 0.987311542, -0.152297586, 0.000240252, 0.152462468, 0.988309205),
        ["fov"] = 70
    },
    {
        ["cframe"] = CFrame.new(148.950271606, 438.119232178, 41.446598053, 0.998992026, 0.044535104, -0.005602734, -0.044868227, 0.987257123, -0.152677804, -0.001268186, 0.152775303, 0.988260090),
        ["fov"] = 70
    },
    {
        ["cframe"] = CFrame.new(148.958343506, 438.122894287, 41.446510315, 0.998993635, 0.044659615, -0.004148710, -0.044768523, 0.987224460, -0.152915657, -0.002733449, 0.152947500, 0.988230526),
        ["fov"] = 70
    },
    {
        ["cframe"] = CFrame.new(148.966430664, 438.126586914, 41.446426392, 0.998993099, 0.044784322, -0.002695913, -0.044668611, 0.987192571, -0.153153226, -0.004197478, 0.153119430, 0.988198757),
        ["fov"] = 70
    },
    {
        ["cframe"] = CFrame.new(148.974487305, 438.130981445, 41.446395874, 0.998990774, 0.044897601, -0.001292044, -0.044565182, 0.987184584, -0.153233171, -0.005604318, 0.153136089, 0.988189220),
        ["fov"] = 70
    },
    {
        ["cframe"] = CFrame.new(148.982528687, 438.135406494, 41.446369171, 0.998986483, 0.045010772, 0.000111611, -0.044461545, 0.987176657, -0.153312907, -0.007010906, 0.153152570, 0.988177717),
        ["fov"] = 70
    },
    {
        ["cframe"] = CFrame.new(148.990951538, 438.140563965, 41.446418762, 0.998981535, 0.045092274, 0.001575478, -0.044318665, 0.987196624, -0.153227791, -0.008464694, 0.153001904, 0.988189638),
        ["fov"] = 70
    },
    {
        ["cframe"] = CFrame.new(148.999389648, 438.145690918, 41.446464539, 0.998974562, 0.045173831, 0.003040748, -0.044175971, 0.987216115, -0.153142542, -0.009919916, 0.152851164, 0.988199472),
        ["fov"] = 70
    },
    {
        ["cframe"] = CFrame.new(149.008529663, 438.151489258, 41.446582794, 0.998966694, 0.045210253, 0.004652930, -0.043968190, 0.987260163, -0.152919471, -0.011507184, 0.152556881, 0.988227725),
        ["fov"] = 70
    },
    {
        ["cframe"] = CFrame.new(149.017654419, 438.157257080, 41.446697235, 0.998956203, 0.045246221, 0.006264869, -0.043760821, 0.987303972, -0.152696297, -0.013094259, 0.152262762, 0.988253295),
        ["fov"] = 70
    },
    {
        ["cframe"] = CFrame.new(149.027374268, 438.163543701, 41.446857452, 0.998943865, 0.045245286, 0.007993110, -0.043501765, 0.987366676, -0.152364030, -0.014785882, 0.151855424, 0.988292098),
        ["fov"] = 70
    },
    {
        ["cframe"] = CFrame.new(149.037094116, 438.169830322, 41.447013855, 0.998928726, 0.045243684, 0.009719396, -0.043243602, 0.987428963, -0.152031690, -0.016475687, 0.151448503, 0.988327801),
        ["fov"] = 70
    },
    {
        ["cframe"] = CFrame.new(149.047302246, 438.176513672, 41.447196960, 0.998910904, 0.045210719, 0.011532210, -0.042944252, 0.987506747, -0.151611641, -0.018242605, 0.150951281, 0.988372803),
        ["fov"] = 70
    },
    {
        ["cframe"] = CFrame.new(149.057495117, 438.183227539, 41.447380066, 0.998889804, 0.045177091, 0.013345663, -0.042645771, 0.987583876, -0.151191548, -0.020010360, 0.150454551, 0.988414347),
        ["fov"] = 70
    },
    {
        ["cframe"] = CFrame.new(149.068115234, 438.190277100, 41.447566986, 0.998865783, 0.045115624, 0.015222174, -0.042313512, 0.987673581, -0.150700331, -0.021833470, 0.149885297, 0.988462329),
        ["fov"] = 70
    },
    {
        ["cframe"] = CFrame.new(149.078720093, 438.197326660, 41.447753906, 0.998838246, 0.045053203, 0.017098341, -0.041982308, 0.987762153, -0.150209025, -0.023656497, 0.149316698, 0.988506377),
        ["fov"] = 70
    },
    {
        ["cframe"] = CFrame.new(149.089660645, 438.204681396, 41.447937012, 0.998807311, 0.044966854, 0.019022742, -0.041623712, 0.987861156, -0.149659604, -0.025521547, 0.148689330, 0.988554537),
        ["fov"] = 70
    },
    {
        ["cframe"] = CFrame.new(149.100616455, 438.212036133, 41.448123932, 0.998772740, 0.044879638, 0.020947460, -0.041266419, 0.987958789, -0.149110064, -0.027387235, 0.148062631, 0.988598645),
        ["fov"] = 70
    },
    {
        ["cframe"] = CFrame.new(149.111846924, 438.219604492, 41.448287964, 0.998734713, 0.044771466, 0.022900930, -0.040887732, 0.988064706, -0.148514047, -0.029276790, 0.147389770, 0.988645136),
        ["fov"] = 70
    },
    {
        ["cframe"] = CFrame.new(149.123077393, 438.227172852, 41.448455811, 0.998692930, 0.044662245, 0.024854453, -0.040510401, 0.988169491, -0.147918016, -0.031166764, 0.146717817, 0.988687277),
        ["fov"] = 70
    },
    {
        ["cframe"] = CFrame.new(149.134567261, 438.234954834, 41.448600769, 0.998647630, 0.044534311, 0.026824323, -0.040115803, 0.988280654, -0.147285104, -0.033069186, 0.146009848, 0.988730252),
        ["fov"] = 70
    },
    {
        ["cframe"] = CFrame.new(149.146041870, 438.242736816, 41.448745728, 0.998598516, 0.044405349, 0.028794432, -0.039722718, 0.988390207, -0.146652117, -0.034972273, 0.145302787, 0.988768935),
        ["fov"] = 70
    },
    {
        ["cframe"] = CFrame.new(149.157714844, 438.250640869, 41.448863983, 0.998546124, 0.044260088, 0.030769186, -0.039316416, 0.988503993, -0.145991355, -0.036877062, 0.144569352, 0.988807261),
        ["fov"] = 70
    },
    {
        ["cframe"] = CFrame.new(149.169372559, 438.258575439, 41.448982239, 0.998489797, 0.044113707, 0.032743432, -0.038911738, 0.988617301, -0.145330593, -0.038781807, 0.143837005, 0.988841176),
        ["fov"] = 70
    },
    {
        ["cframe"] = CFrame.new(149.181198120, 438.266601562, 41.449062347, 0.998430669, 0.043953996, 0.034702744, -0.038499456, 0.988733530, -0.144650325, -0.040669728, 0.143087283, 0.988874078),
        ["fov"] = 70
    },
    {
        ["cframe"] = CFrame.new(149.193023682, 438.274597168, 41.449138641, 0.998367608, 0.043793138, 0.036662497, -0.038088664, 0.988848567, -0.143970028, -0.042558562, 0.142338589, 0.988902628),
        ["fov"] = 70
    },
    {
        ["cframe"] = CFrame.new(149.204940796, 438.282684326, 41.449180603, 0.998302341, 0.043621119, 0.038595203, -0.037673835, 0.988964915, -0.143279016, -0.044419304, 0.141581729, 0.988929451),
        ["fov"] = 70
    },
    {
        ["cframe"] = CFrame.new(149.216857910, 438.290771484, 41.449218750, 0.998233318, 0.043448139, 0.040528063, -0.037260719, 0.989080667, -0.142588004, -0.046280704, 0.140826002, 0.988952041),
        ["fov"] = 70
    },
    {
        ["cframe"] = CFrame.new(149.228836060, 438.298889160, 41.449218750, 0.998162746, 0.043266747, 0.042417467, -0.036848150, 0.989195645, -0.141895056, -0.048098512, 0.140071347, 0.988972485),
        ["fov"] = 70
    },
    {
        ["cframe"] = CFrame.new(149.240798950, 438.306976318, 41.449211121, 0.998088479, 0.043084189, 0.044306796, -0.036437057, 0.989310145, -0.141202107, -0.049916733, 0.139317796, 0.988988757),
        ["fov"] = 70
    },
    {
        ["cframe"] = CFrame.new(149.252761841, 438.315063477, 41.449161530, 0.998013675, 0.042897310, 0.046135202, -0.036032345, 0.989422619, -0.140517071, -0.051675007, 0.138575613, 0.989002764),
        ["fov"] = 70
    },
    {
        ["cframe"] = CFrame.new(149.264709473, 438.323120117, 41.449111938, 0.997935534, 0.042709511, 0.047963757, -0.035629202, 0.989534020, -0.139832020, -0.053433925, 0.137834430, 0.989012897),
        ["fov"] = 70
    },
    {
        ["cframe"] = CFrame.new(149.276580811, 438.331115723, 41.449012756, 0.997858465, 0.042519577, 0.049704250, -0.035237450, 0.989641666, -0.139166459, -0.055106711, 0.137116969, 0.989020824),
        ["fov"] = 70
    },
    {
        ["cframe"] = CFrame.new(149.288452148, 438.339080811, 41.448913574, 0.997778356, 0.042328749, 0.051444896, -0.034847088, 0.989749193, -0.138500929, -0.056780111, 0.136400521, 0.989025235),
        ["fov"] = 70
    },
    {
        ["cframe"] = CFrame.new(149.300125122, 438.346893311, 41.448757172, 0.997701466, 0.042143036, 0.053063553, -0.034478698, 0.989850104, -0.137869403, -0.058335196, 0.135722935, 0.989027977),
        ["fov"] = 70
    },
    {
        ["cframe"] = CFrame.new(149.311813354, 438.354736328, 41.448604584, 0.997621953, 0.041956484, 0.054681443, -0.034111597, 0.989950597, -0.137237892, -0.059889946, 0.135046273, 0.989027619),
        ["fov"] = 70
    },
    {
        ["cframe"] = CFrame.new(149.325988770, 438.364196777, 41.448341370, 0.997529745, 0.041738205, 0.056499943, -0.033693619, 0.990064681, -0.136515796, -0.061636530, 0.134274885, 0.989025354),
        ["fov"] = 70
    },
    {
        ["cframe"] = CFrame.new(149.334503174, 438.369873047, 41.448181152, 0.997472942, 0.041606743, 0.057590190, -0.033443693, 0.990132928, -0.136082545, -0.062683888, 0.133812636, 0.989022195),
        ["fov"] = 70
    },
    {
        ["cframe"] = CFrame.new(149.345291138, 438.377075195, 41.447914124, 0.997407019, 0.041453626, 0.058827870, -0.033157490, 0.990210474, -0.135586992, -0.063872546, 0.133284852, 0.989017427),
        ["fov"] = 70
    },
    {
        ["cframe"] = CFrame.new(149.356094360, 438.384277344, 41.447647095, 0.997339725, 0.041299898, 0.060065143, -0.032871939, 0.990287662, -0.135091498, -0.065061033, 0.132757649, 0.989010811),
        ["fov"] = 70
    },
    {
        ["cframe"] = CFrame.new(149.365966797, 438.390899658, 41.447307587, 0.997290492, 0.041182868, 0.060954999, -0.032661624, 0.990344763, -0.134724081, -0.065914787, 0.132368162, 0.989006519),
        ["fov"] = 70
    },
    {
        ["cframe"] = CFrame.new(149.375854492, 438.397552490, 41.446968079, 0.997240603, 0.041065671, 0.061844505, -0.032451831, 0.990401626, -0.134356678, -0.066768341, 0.131978974, 0.989001274),
        ["fov"] = 70
    },
    {
        ["cframe"] = CFrame.new(149.384124756, 438.403289795, 41.446548462, 0.997219801, 0.041017782, 0.062211357, -0.032366250, 0.990425646, -0.134200484, -0.067120321, 0.131813824, 0.988999486),
        ["fov"] = 70
    },
    {
        ["cframe"] = CFrame.new(149.392379761, 438.409027100, 41.446128845, 0.997198701, 0.040969852, 0.062579386, -0.032280587, 0.990449429, -0.134044275, -0.067473494, 0.131648675, 0.988997400),
        ["fov"] = 70
    },
    {
        ["cframe"] = CFrame.new(149.399368286, 438.410614014, 41.445182800, 0.997182071, 0.041452561, 0.062526233, -0.032702591, 0.990307212, -0.134988770, -0.067515813, 0.132563621, 0.988872349),
        ["fov"] = 70
    },
    {
        ["cframe"] = CFrame.new(149.406341553, 438.412170410, 41.444232941, 0.997165203, 0.041935269, 0.062473081, -0.033124536, 0.990164280, -0.135933176, -0.067558996, 0.133478448, 0.988746285),
        ["fov"] = 70
    },
    {
        ["cframe"] = CFrame.new(149.413101196, 438.406402588, 41.442260742, 0.997117639, 0.043423761, 0.062215984, -0.034439158, 0.989717305, -0.138828665, -0.067604706, 0.136285827, 0.988360167),
        ["fov"] = 70
    },
    {
        ["cframe"] = CFrame.new(149.419845581, 438.400604248, 41.440292358, 0.997067392, 0.044912152, 0.061962809, -0.035753105, 0.989260316, -0.141723007, -0.067662448, 0.139092043, 0.987965167),
        ["fov"] = 70
    },
    {
        ["cframe"] = CFrame.new(149.426239014, 438.387390137, 41.437171936, 0.996983051, 0.047403179, 0.061462916, -0.037961494, 0.988469124, -0.146586284, -0.067702852, 0.143810824, 0.987286568),
        ["fov"] = 70
    },
    {
        ["cframe"] = CFrame.new(149.432632446, 438.374176025, 41.434051514, 0.996891558, 0.049893539, 0.060973730, -0.040167935, 0.987649262, -0.151446089, -0.067776822, 0.148526132, 0.986583114),
        ["fov"] = 70
    },
    {
        ["cframe"] = CFrame.new(149.438522339, 438.354095459, 41.429668427, 0.996763170, 0.053274445, 0.060207073, -0.043175269, 0.986479044, -0.158097804, -0.067815587, 0.154986605, 0.985586166),
        ["fov"] = 70
    },
    {
        ["cframe"] = CFrame.new(149.444396973, 438.334045410, 41.425285339, 0.996621847, 0.056653790, 0.059458271, -0.046179127, 0.985255122, -0.164742514, -0.067914851, 0.161440253, 0.984542847),
        ["fov"] = 70
    },
    {
        ["cframe"] = CFrame.new(149.449645996, 438.308898926, 41.419700623, 0.996455014, 0.060654119, 0.058296297, -0.049776513, 0.983719409, -0.172679693, -0.067820944, 0.169165745, 0.983251333),
        ["fov"] = 70
    },
    {
        ["cframe"] = CFrame.new(149.454895020, 438.283752441, 41.414115906, 0.996269345, 0.064651042, 0.057161976, -0.053369507, 0.982106686, -0.180606112, -0.067815512, 0.176881641, 0.981893003),
        ["fov"] = 70
    },
    {
        ["cframe"] = CFrame.new(149.459472656, 438.256774902, 41.407745361, 0.996080339, 0.068771280, 0.055628367, -0.057133339, 0.980329931, -0.188916698, -0.067526184, 0.184997976, 0.980416238),
        ["fov"] = 70
    },
    {
        ["cframe"] = CFrame.new(149.464050293, 438.229797363, 41.401374817, 0.995870352, 0.072886333, 0.054127086, -0.060893722, 0.978467107, -0.197214559, -0.067335829, 0.193104118, 0.978864968),
        ["fov"] = 70
    },
    {
        ["cframe"] = CFrame.new(149.468124390, 438.205444336, 41.395122528, 0.995706499, 0.076450966, 0.052189544, -0.064268216, 0.976727724, -0.204628721, -0.066619024, 0.200396031, 0.977447331),
        ["fov"] = 70
    },
    {
        ["cframe"] = CFrame.new(149.472198486, 438.181121826, 41.388866425, 0.995525301, 0.080008730, 0.050278660, -0.067644000, 0.974918842, -0.212032348, -0.065982051, 0.207682520, 0.975968421),
        ["fov"] = 70
    },
    {
        ["cframe"] = CFrame.new(149.476226807, 438.164093018, 41.383937836, 0.995447814, 0.082339101, 0.047999054, -0.070057862, 0.973603725, -0.217227295, -0.064618364, 0.212875739, 0.974940181),
        ["fov"] = 70
    },
    {
        ["cframe"] = CFrame.new(149.480255127, 438.147064209, 41.379005432, 0.995359600, 0.084662423, 0.045732494, -0.072477981, 0.972253680, -0.222417355, -0.063293986, 0.218070656, 0.973878324),
        ["fov"] = 70
    },
    {
        ["cframe"] = CFrame.new(149.484970093, 438.140594482, 41.376449585, 0.995420873, 0.085279346, 0.043182205, -0.073514231, 0.971720099, -0.224399760, -0.061097693, 0.220197678, 0.973539889),
        ["fov"] = 70
    },
    {
        ["cframe"] = CFrame.new(149.490631104, 438.133789062, 41.373577118, 0.995521903, 0.085753620, 0.039779652, -0.074608251, 0.971167922, -0.226422146, -0.058049228, 0.222440302, 0.973216593),
        ["fov"] = 70
    },
    {
        ["cframe"] = CFrame.new(149.494354248, 438.132476807, 41.372314453, 0.995700181, 0.085197181, 0.036367614, -0.074817583, 0.971113980, -0.226583168, -0.054621346, 0.222887948, 0.973312616),
        ["fov"] = 70
    },
    {
        ["cframe"] = CFrame.new(149.497467041, 438.130798340, 41.370967865, 0.995885611, 0.084539220, 0.032633401, -0.075002477, 0.971064270, -0.226734817, -0.050857119, 0.223354340, 0.973409712),
        ["fov"] = 70
    },
    {
        ["cframe"] = CFrame.new(149.498413086, 438.128753662, 41.369785309, 0.996055603, 0.083820112, 0.029110691, -0.075085431, 0.971036315, -0.226827517, -0.047280248, 0.223747015, 0.973499775),
        ["fov"] = 70
    },
    {
        ["cframe"] = CFrame.new(149.499664307, 438.126037598, 41.368206024, 0.996262193, 0.082857974, 0.024412965, -0.075195499, 0.970998526, -0.226951391, -0.042509694, 0.224267349, 0.973599970),
        ["fov"] = 70
    },
    {
        ["cframe"] = CFrame.new(149.500152588, 438.121856689, 41.366226196, 0.996484101, 0.081625983, 0.018886140, -0.075233445, 0.970975161, -0.227039114, -0.036870271, 0.224819988, 0.973702490),
        ["fov"] = 70
    },
    {
        ["cframe"] = CFrame.new(149.500656128, 438.117645264, 41.364242554, 0.996674061, 0.080388777, 0.013359000, -0.075269774, 0.970952034, -0.227127746, -0.031229468, 0.225366801, 0.973773301),
        ["fov"] = 70
    },
    {
        ["cframe"] = CFrame.new(149.502548218, 438.111968994, 41.361827850, 0.996841669, 0.079051569, 0.007576169, -0.075270735, 0.970938325, -0.227184802, -0.025315311, 0.225897029, 0.973822176),
        ["fov"] = 70
    },
    {
        ["cframe"] = CFrame.new(149.504440308, 438.106262207, 41.359409332, 0.996974468, 0.077708744, 0.001793151, -0.075269602, 0.970924973, -0.227242962, -0.019399779, 0.226420477, 0.973836422),
        ["fov"] = 70
    },
    {
        ["cframe"] = CFrame.new(149.510025024, 438.098999023, 41.356639862, 0.997066677, 0.076452725, -0.003615581, -0.075271778, 0.970917106, -0.227275774, -0.013865419, 0.226881251, 0.973823726),
        ["fov"] = 70
    },
    {
        ["cframe"] = CFrame.new(149.515625000, 438.091766357, 41.353866577, 0.997128248, 0.075192191, -0.009023270, -0.075272024, 0.970909357, -0.227309495, -0.008331128, 0.227335930, 0.973780751),
        ["fov"] = 70
    },
    {
        ["cframe"] = CFrame.new(149.527130127, 438.082885742, 41.350917816, 0.997152448, 0.074203730, -0.013442622, -0.075314857, 0.970902145, -0.227326602, -0.003817005, 0.227691710, 0.973725796),
        ["fov"] = 70
    },
    {
        ["cframe"] = CFrame.new(149.543426514, 438.071441650, 41.347244263, 0.997153401, 0.073071621, -0.018590206, -0.075385630, 0.970891654, -0.227346376, 0.001436514, 0.228100643, 0.973636508),
        ["fov"] = 70
    },
    {
        ["cframe"] = CFrame.new(149.557815552, 438.063598633, 41.345073700, 0.997141063, 0.072649680, -0.020774527, -0.075473286, 0.970883489, -0.227353469, 0.003652492, 0.228271425, 0.973590672),
        ["fov"] = 70
    },
    {
        ["cframe"] = CFrame.new(149.576995850, 438.053131104, 41.342174530, 0.997117102, 0.072086267, -0.023686370, -0.075589858, 0.970871568, -0.227362677, 0.006606698, 0.228497669, 0.973522067),
        ["fov"] = 70
    },
    {
        ["cframe"] = CFrame.new(149.605041504, 438.041076660, 41.339534760, 0.997093439, 0.072068915, -0.024715900, -0.075808346, 0.970852673, -0.227371573, 0.007609079, 0.228584349, 0.973494351),
        ["fov"] = 70
    },
    {
        ["cframe"] = CFrame.new(149.633071899, 438.029022217, 41.336891174, 0.997068524, 0.072051503, -0.025745649, -0.076026946, 0.970833778, -0.227380216, 0.008611652, 0.228671029, 0.973465621),
        ["fov"] = 70
    },
    {
        ["cframe"] = CFrame.new(149.666946411, 438.025970459, 41.336780548, 0.996967494, 0.073481373, -0.025619201, -0.077366859, 0.971369207, -0.224623382, 0.008380068, 0.225924298, 0.974108815),
        ["fov"] = 70
    },
    {
        ["cframe"] = CFrame.new(149.700820923, 438.022888184, 41.336669922, 0.996864557, 0.074911445, -0.025481591, -0.078706376, 0.971895278, -0.221865505, 0.008145178, 0.223175406, 0.974744260),
        ["fov"] = 70
    },
    {
        ["cframe"] = CFrame.new(149.736724854, 438.035491943, 41.340103149, 0.996621490, 0.078196190, -0.025116006, -0.081772469, 0.973271012, -0.214609385, 0.007663038, 0.215938121, 0.976376951),
        ["fov"] = 70
    },
    {
        ["cframe"] = CFrame.new(149.781951904, 438.053894043, 41.344833374, 0.996279955, 0.082608134, -0.024538025, -0.085889973, 0.975033879, -0.204773843, 0.007009416, 0.206119642, 0.978501678),
        ["fov"] = 70
    },
    {
        ["cframe"] = CFrame.new(149.809921265, 438.071166992, 41.348735809, 0.996005535, 0.085987784, -0.024065211, -0.089051150, 0.976340652, -0.197050601, 0.006551902, 0.198406532, 0.980097830),
        ["fov"] = 70
    },
    {
        ["cframe"] = CFrame.new(149.856689453, 438.101379395, 41.355297089, 0.995511413, 0.091777101, -0.023107728, -0.094466932, 0.978422821, -0.183752686, 0.005744841, 0.185110807, 0.982700884),
        ["fov"] = 70
    },
    {
        ["cframe"] = CFrame.new(149.885070801, 438.122863770, 41.359378815, 0.995164335, 0.095628150, -0.022431331, -0.098082662, 0.979711771, -0.174773112, 0.005262992, 0.176128075, 0.984353185),
        ["fov"] = 70
    },
    {
        ["cframe"] = CFrame.new(149.932220459, 438.158966064, 41.365989685, 0.994554281, 0.102063544, -0.021091059, -0.104126856, 0.981657803, -0.159704715, 0.004404165, 0.161031142, 0.986939490),
        ["fov"] = 70
    },
    {
        ["cframe"] = CFrame.new(149.960128784, 438.181365967, 41.369476318, 0.994163513, 0.105976142, -0.020199368, -0.107813209, 0.982723236, -0.150437340, 0.003907619, 0.151737064, 0.988413155),
        ["fov"] = 70
    },
    {
        ["cframe"] = CFrame.new(149.997360229, 438.211212158, 41.374122620, 0.993621409, 0.111183047, -0.018835729, -0.112722360, 0.983985901, -0.138079196, 0.003182017, 0.139321655, 0.990242064),
        ["fov"] = 70
    },
    {
        ["cframe"] = CFrame.new(150.032485962, 438.238311768, 41.377460480, 0.993140519, 0.116252415, -0.012541390, -0.116912380, 0.985594988, -0.122205958, -0.001846000, 0.122833923, 0.992425501),
        ["fov"] = 70
    },
    {
        ["cframe"] = CFrame.new(150.067611694, 438.265380859, 41.380798340, 0.992609024, 0.121209525, -0.005954038, -0.121152438, 0.986914992, -0.106398001, -0.007020324, 0.106332973, 0.994305730),
        ["fov"] = 70
    },
    {
        ["cframe"] = CFrame.new(150.098861694, 438.286163330, 41.382785797, 0.992120445, 0.125286072, 0.000709039, -0.124683082, 0.987869322, -0.092565566, -0.012297613, 0.091747791, 0.995706379),
        ["fov"] = 70
    },
    {
        ["cframe"] = CFrame.new(150.130096436, 438.306945801, 41.384777069, 0.991582215, 0.129255623, 0.007590476, -0.128264219, 0.988604307, -0.078802317, -0.017689623, 0.077165395, 0.996861339),
        ["fov"] = 70
    },
    {
        ["cframe"] = CFrame.new(150.155456543, 438.318298340, 41.385684967, 0.991242051, 0.131783769, 0.008497915, -0.130755514, 0.988448918, -0.076626882, -0.018497933, 0.074844636, 0.997023642),
        ["fov"] = 70
    },
    {
        ["cframe"] = CFrame.new(150.180801392, 438.329620361, 41.386592865, 0.990894854, 0.134307742, 0.009419028, -0.133245885, 0.988282084, -0.074455425, -0.019308597, 0.072522461, 0.997179866),
        ["fov"] = 70
    },
    {
        ["cframe"] = CFrame.new(150.206802368, 438.328369141, 41.386825562, 0.990705729, 0.135646462, 0.010103685, -0.134407327, 0.987651646, -0.080494285, -0.020897681, 0.078388147, 0.996703863),
        ["fov"] = 70
    },
    {
        ["cframe"] = CFrame.new(150.222290039, 438.323944092, 41.386817932, 0.990628302, 0.136126757, 0.011180827, -0.134712562, 0.987276077, -0.084487766, -0.022539610, 0.082189769, 0.996361792),
        ["fov"] = 70
    },
    {
        ["cframe"] = CFrame.new(150.232513428, 438.317901611, 41.386688232, 0.990605891, 0.136179715, 0.012452381, -0.134589374, 0.987034619, -0.087457411, -0.024200853, 0.084959872, 0.996090412),
        ["fov"] = 70
    },
    {
        ["cframe"] = CFrame.new(150.242736816, 438.311859131, 41.386558533, 0.990581155, 0.136236399, 0.013730256, -0.134460881, 0.986784637, -0.090423942, -0.025867838, 0.087726079, 0.995808721),
        ["fov"] = 70
    },
    {
        ["cframe"] = CFrame.new(150.258209229, 438.303222656, 41.386322021, 0.990540266, 0.136300176, 0.015883157, -0.134257272, 0.986554086, -0.093198307, -0.028372537, 0.090184249, 0.995520890),
        ["fov"] = 70
    },
    {
        ["cframe"] = CFrame.new(150.273696899, 438.294586182, 41.386085510, 0.990493774, 0.136369497, 0.018039525, -0.134046629, 0.986317277, -0.095967963, -0.030879796, 0.092637539, 0.995220959),
        ["fov"] = 70
    },
    {
        ["cframe"] = CFrame.new(150.290435791, 438.285522461, 41.385738373, 0.990455270, 0.136379778, 0.019971540, -0.133826986, 0.986195624, -0.097513214, -0.032994673, 0.093909740, 0.995033801),
        ["fov"] = 70
    },
    {
        ["cframe"] = CFrame.new(150.307174683, 438.276458740, 41.385391235, 0.990412652, 0.136392727, 0.021904517, -0.133604184, 0.986071944, -0.099056087, -0.035109963, 0.095179863, 0.994840741),
        ["fov"] = 70
    },
    {
        ["cframe"] = CFrame.new(150.324172974, 438.267517090, 41.384925842, 0.990375280, 0.136320934, 0.023944976, -0.133304089, 0.986019194, -0.099979244, -0.037239473, 0.095825016, 0.994701326),
        ["fov"] = 70
    },
    {
        ["cframe"] = CFrame.new(150.345230103, 438.256561279, 41.384323120, 0.990321994, 0.136213198, 0.026614219, -0.132898316, 0.985965014, -0.101048984, -0.040004890, 0.096534044, 0.994525433),
        ["fov"] = 70
    },
    {
        ["cframe"] = CFrame.new(150.357437134, 438.250457764, 41.383911133, 0.990285039, 0.136101127, 0.028495466, -0.132586449, 0.985961258, -0.101492710, -0.041908711, 0.096728601, 0.994428039),
        ["fov"] = 70
    },
    {
        ["cframe"] = CFrame.new(150.373718262, 438.242340088, 41.383361816, 0.990230024, 0.135952830, 0.031005155, -0.132169753, 0.985956788, -0.102082945, -0.044448204, 0.096987650, 0.994292557),
        ["fov"] = 70
    },
    {
        ["cframe"] = CFrame.new(150.388748169, 438.235534668, 41.382793427, 0.990148664, 0.135743365, 0.034340441, -0.131718040, 0.986188471, -0.100410491, -0.047496211, 0.094898067, 0.994353294),
        ["fov"] = 70
    },
    {
        ["cframe"] = CFrame.new(150.403778076, 438.228729248, 41.382225037, 0.990056813, 0.135527670, 0.037678026, -0.131271705, 0.986416698, -0.098740123, -0.050548252, 0.092812285, 0.994399726),
        ["fov"] = 70
    },
    {
        ["cframe"] = CFrame.new(150.417495728, 438.223205566, 41.381660461, 0.989946723, 0.135223359, 0.041473433, -0.130825102, 0.986853361, -0.094896995, -0.053760476, 0.088517196, 0.994622767),
        ["fov"] = 70
    },
    {
        ["cframe"] = CFrame.new(150.431198120, 438.217681885, 41.381099701, 0.989823461, 0.134904221, 0.045279898, -0.130390882, 0.987272143, -0.091060422, -0.056988012, 0.084229663, 0.994815409),
        ["fov"] = 70
    },
    {
        ["cframe"] = CFrame.new(150.443710327, 438.213104248, 41.380550385, 0.989700794, 0.134508684, 0.048988063, -0.129860625, 0.987605810, -0.088152058, -0.060238119, 0.080882534, 0.994901657),
        ["fov"] = 70
    },
    {
        ["cframe"] = CFrame.new(150.459075928, 438.207611084, 41.379859924, 0.989524007, 0.133994341, 0.053737640, -0.129163906, 0.987967491, -0.085066974, -0.064489551, 0.077234849, 0.994925082),
        ["fov"] = 70
    },
    {
        ["cframe"] = CFrame.new(150.467666626, 438.204711914, 41.379455566, 0.989394307, 0.133669659, 0.056843862, -0.128636435, 0.988083363, -0.084522903, -0.067464612, 0.076314285, 0.994798779),
        ["fov"] = 70
    },
    {
        ["cframe"] = CFrame.new(150.479125977, 438.200836182, 41.378910065, 0.989206612, 0.133233607, 0.060984489, -0.127936780, 0.988235950, -0.083797082, -0.071431652, 0.075090468, 0.994614959),
        ["fov"] = 70
    },
    {
        ["cframe"] = CFrame.new(150.489685059, 438.197448730, 41.378368378, 0.988974810, 0.132779673, 0.065561153, -0.127124697, 0.988324285, -0.083987102, -0.075947478, 0.074726701, 0.994307756),
        ["fov"] = 70
    },
    {
        ["cframe"] = CFrame.new(150.502670288, 438.193145752, 41.377677917, 0.988673210, 0.132187396, 0.071075827, -0.126086906, 0.988422990, -0.084392995, -0.081408672, 0.074475370, 0.993894398),
        ["fov"] = 70
    },
    {
        ["cframe"] = CFrame.new(150.509918213, 438.190338135, 41.377220154, 0.988520682, 0.131782278, 0.073894411, -0.125415236, 0.988451958, -0.085052058, -0.084249429, 0.074808225, 0.993632555),
        ["fov"] = 70
    },
    {
        ["cframe"] = CFrame.new(150.519592285, 438.186584473, 41.376609802, 0.988304436, 0.131241933, 0.077652149, -0.124515004, 0.988489747, -0.085929126, -0.088035859, 0.075255282, 0.993270457),
        ["fov"] = 70
    },
    {
        ["cframe"] = CFrame.new(150.528594971, 438.182128906, 41.375900269, 0.988259256, 0.130776107, 0.079001226, -0.123486593, 0.988162339, -0.091027319, -0.089970246, 0.080203004, 0.992709816),
        ["fov"] = 70
    },
    {
        ["cframe"] = CFrame.new(150.539749146, 438.176483154, 41.374988556, 0.988206565, 0.130179673, 0.080628887, -0.122187600, 0.987736464, -0.097193874, -0.092292771, 0.086195767, 0.991994083),
        ["fov"] = 70
    },
    {
        ["cframe"] = CFrame.new(150.546188354, 438.172882080, 41.374393463, 0.988187492, 0.129773229, 0.081513047, -0.121403106, 0.987512708, -0.100397445, -0.093524083, 0.089315563, 0.991602719),
        ["fov"] = 70
    },
    {
        ["cframe"] = CFrame.new(150.554763794, 438.168090820, 41.373596191, 0.988161087, 0.129234537, 0.082680859, -0.120350815, 0.987197757, -0.104668669, -0.095149204, 0.093478799, 0.991064191),
        ["fov"] = 70
    },
    {
        ["cframe"] = CFrame.new(150.563034058, 438.163085938, 41.372737885, 0.988091350, 0.128500506, 0.084634706, -0.119372003, 0.987250268, -0.105296232, -0.097086258, 0.093939289, 0.990832806),
        ["fov"] = 70
    },
    {
        ["cframe"] = CFrame.new(150.573303223, 438.156829834, 41.371650696, 0.987997413, 0.127572626, 0.087099098, -0.118141331, 0.987323284, -0.105995558, -0.099517122, 0.094433345, 0.990544558),
        ["fov"] = 70
    },
    {
        ["cframe"] = CFrame.new(150.579315186, 438.153015137, 41.370964050, 0.987935841, 0.126991540, 0.088633038, -0.117392145, 0.987389028, -0.106214963, -0.101003706, 0.094528742, 0.990385115),
        ["fov"] = 70
    },
    {
        ["cframe"] = CFrame.new(150.587326050, 438.147918701, 41.370048523, 0.987849653, 0.126215979, 0.090678185, -0.116391726, 0.987476230, -0.106505863, -0.102985308, 0.094657600, 0.990168631),
        ["fov"] = 70
    },
    {
        ["cframe"] = CFrame.new(150.595138550, 438.142791748, 41.369083405, 0.987752080, 0.125437960, 0.092796594, -0.115356706, 0.987541676, -0.107023403, -0.105065316, 0.095007882, 0.989916563),
        ["fov"] = 70
    },
    {
        ["cframe"] = CFrame.new(150.604858398, 438.136413574, 41.367866516, 0.987621248, 0.124467701, 0.095457345, -0.114052594, 0.987614453, -0.107748143, -0.107686222, 0.095527202, 0.989584923),
        ["fov"] = 70
    },
    {
        ["cframe"] = CFrame.new(150.610580444, 438.132568359, 41.367103577, 0.987534881, 0.123892911, 0.097084574, -0.113251582, 0.987637997, -0.108374350, -0.109311238, 0.096028455, 0.989358187),
        ["fov"] = 70
    },
    {
        ["cframe"] = CFrame.new(150.620086670, 438.126190186, 41.365829468, 0.987382770, 0.122940086, 0.099804945, -0.111907803, 0.987667620, -0.109494738, -0.112035424, 0.096944258, 0.988964021),
        ["fov"] = 70
    },
    {
        ["cframe"] = CFrame.new(150.625686646, 438.122375488, 41.365043640, 0.987283647, 0.122380525, 0.101459630, -0.111086994, 0.987664640, -0.110354722, -0.113713361, 0.097680561, 0.988700092),
        ["fov"] = 70
    },
    {
        ["cframe"] = CFrame.new(150.633163452, 438.117309570, 41.363990784, 0.987146616, 0.121635072, 0.103664353, -0.109989092, 0.987658501, -0.111500219, -0.115947366, 0.098665118, 0.988342702),
        ["fov"] = 70
    },
    {
        ["cframe"] = CFrame.new(150.640487671, 438.112304688, 41.362903595, 0.986998439, 0.120915391, 0.105894491, -0.108875513, 0.987619936, -0.112928510, -0.118238322, 0.099930942, 0.987944067),
        ["fov"] = 70
    },
    {
        ["cframe"] = CFrame.new(150.647827148, 438.107299805, 41.361816406, 0.986844361, 0.120197289, 0.108124159, -0.107757226, 0.987578630, -0.114355884, -0.120526344, 0.101200290, 0.987538278),
        ["fov"] = 70
    },
    {
        ["cframe"] = CFrame.new(150.655014038, 438.102386475, 41.360702515, 0.986683071, 0.119499706, 0.110346362, -0.106638573, 0.987519503, -0.115905747, -0.122819841, 0.102595061, 0.987111747),
        ["fov"] = 70
    },
    {
        ["cframe"] = CFrame.new(150.662216187, 438.097473145, 41.359580994, 0.986516356, 0.118803881, 0.112566225, -0.105515003, 0.987456739, -0.117454670, -0.125108346, 0.103993535, 0.986677885),
        ["fov"] = 70
    },
    {
        ["cframe"] = CFrame.new(150.669296265, 438.092681885, 41.358440399, 0.986345947, 0.118121676, 0.114755794, -0.104403563, 0.987391710, -0.118985921, -0.127363726, 0.105380371, 0.986242056),
        ["fov"] = 70
    },
    {
        ["cframe"] = CFrame.new(150.676361084, 438.087860107, 41.357299805, 0.986170292, 0.117441140, 0.116943233, -0.103287265, 0.987323403, -0.120516263, -0.129614368, 0.106770813, 0.985799193),
        ["fov"] = 70
    },
    {
        ["cframe"] = CFrame.new(150.683319092, 438.083190918, 41.356136322, 0.985991180, 0.116775930, 0.119099364, -0.102186009, 0.987252712, -0.122023135, -0.131830558, 0.108143449, 0.985355616),
        ["fov"] = 70
    },
    {
        ["cframe"] = CFrame.new(150.691986084, 438.077392578, 41.354675293, 0.985760808, 0.115950763, 0.121782839, -0.100808777, 0.987160802, -0.123898543, -0.134585395, 0.109857544, 0.984793425),
        ["fov"] = 70
    },
    {
        ["cframe"] = CFrame.new(150.697128296, 438.074005127, 41.353790283, 0.985619783, 0.115466230, 0.123373926, -0.099992558, 0.987104177, -0.125006676, -0.136216983, 0.110872582, 0.984455228),
        ["fov"] = 70
    },
    {
        ["cframe"] = CFrame.new(150.705657959, 438.068389893, 41.352310181, 0.985379159, 0.114664666, 0.126015618, -0.098632500, 0.987006783, -0.126844376, -0.138922825, 0.112560578, 0.983885407),
        ["fov"] = 70
    },
    {
        ["cframe"] = CFrame.new(150.710708618, 438.065124512, 41.351417542, 0.985232353, 0.114194430, 0.127580896, -0.097827509, 0.986946881, -0.127926916, -0.140524134, 0.113556802, 0.983543515),
        ["fov"] = 70
    },
    {
        ["cframe"] = CFrame.new(150.719100952, 438.059692383, 41.349929810, 0.984982193, 0.113417380, 0.130179271, -0.096487403, 0.986844838, -0.129720956, -0.143179342, 0.115212157, 0.982967854),
        ["fov"] = 70
    },
    {
        ["cframe"] = CFrame.new(150.724075317, 438.056579590, 41.349029541, 0.984829605, 0.112963095, 0.131718919, -0.095696256, 0.986782491, -0.130774841, -0.144750684, 0.116185933, 0.982623041),
        ["fov"] = 70
    },
    {
        ["cframe"] = CFrame.new(150.730697632, 438.052398682, 41.347835541, 0.984622240, 0.112358838, 0.133770481, -0.094637841, 0.986697912, -0.132179320, -0.146842539, 0.117486946, 0.982157826),
        ["fov"] = 70
    },
    {
        ["cframe"] = CFrame.new(150.738861084, 438.047393799, 41.346336365, 0.984359562, 0.111628182, 0.136291206, -0.093344390, 0.986591280, -0.133882076, -0.149408728, 0.119066082, 0.981580496),
        ["fov"] = 70
    },
    {
        ["cframe"] = CFrame.new(150.743743896, 438.044403076, 41.345443726, 0.984198451, 0.111190960, 0.137803644, -0.092565253, 0.986525655, -0.134903193, -0.150946841, 0.120015681, 0.981229484),
        ["fov"] = 70
    },
    {
        ["cframe"] = CFrame.new(150.750167847, 438.040618896, 41.344253540, 0.983982623, 0.110628605, 0.139784142, -0.091553703, 0.986439228, -0.136218339, -0.152958214, 0.121238701, 0.980767488),
        ["fov"] = 70
    },
    {
        ["cframe"] = CFrame.new(150.756591797, 438.036865234, 41.343067169, 0.983762324, 0.110067829, 0.141762912, -0.090538569, 0.986350596, -0.137532666, -0.154965863, 0.122464441, 0.980299950),
        ["fov"] = 70
    },
    {
        ["cframe"] = CFrame.new(150.764495850, 438.032409668, 41.341598511, 0.983484268, 0.109394222, 0.144192934, -0.089305133, 0.986241758, -0.139111876, -0.157427102, 0.123937167, 0.979722559),
        ["fov"] = 70
    },
    {
        ["cframe"] = CFrame.new(150.770782471, 438.028930664, 41.340427399, 0.983257949, 0.108861931, 0.146126449, -0.088322863, 0.986153185, -0.140360475, -0.159382969, 0.125104249, 0.979257882),
        ["fov"] = 70
    },
    {
