return {
    {
        ["cframe"] = CFrame.new(128.320404053, 443.906097412, -0.928841829, -0.879020810, 0.137720197, -0.456459999, 0.000000015, 0.957373679, 0.288852572, 0.476783633, 0.253907412, -0.841551244),
        ["fov"] = 64.93421173095703
    },
    {
        ["cframe"] = CFrame.new(138.807586670, 440.755981445, 15.654326439, -0.879020631, 0.000000038, -0.476783723, 0.000000033, 1.000000000, 0.000000019, 0.476783723, 0.000000001, -0.879020631),
        ["fov"] = 61.66119384765625
    },
    {
        ["cframe"] = CFrame.new(138.807586670, 440.755981445, 15.654326439, -0.879020631, 0.000000038, -0.476783723, 0.000000033, 1.000000000, 0.000000019, 0.476783723, 0.000000001, -0.879020631),
        ["fov"] = 63.29875564575195
    },
    {
        ["cframe"] = CFrame.new(138.209838867, 440.673400879, 15.278957367, -0.855324209, -0.006041344, -0.518057823, -0.009002220, 0.999954343, 0.003201847, 0.518014848, 0.007402292, -0.855339587),
        ["fov"] = 69.87965393066406
    },
    {
        ["cframe"] = CFrame.new(137.752197266, 440.663818359, 15.955961227, -0.798305869, -0.018964693, -0.601953447, -0.027438739, 0.999611497, 0.004896020, 0.601626754, 0.020425374, -0.798516154),
        ["fov"] = 87.20197296142578
    },
    {
        ["cframe"] = CFrame.new(138.331298828, 440.851196289, 18.248392105, -0.744822025, -0.030265424, -0.666576445, -0.041168965, 0.999152005, 0.000635776, 0.665991962, 0.027915802, -0.745436430),
        ["fov"] = 84.24286651611328
    },
    {
        ["cframe"] = CFrame.new(139.272048950, 441.038543701, 20.599262238, -0.679996133, -0.040841315, -0.732077360, -0.054459207, 0.998502851, -0.005119844, 0.731190443, 0.036386881, -0.681202233),
        ["fov"] = 81.93946838378906
    },
    {
        ["cframe"] = CFrame.new(139.272048950, 441.038543701, 20.599262238, -0.679996133, -0.040841315, -0.732077360, -0.054459207, 0.998502851, -0.005119844, 0.731190443, 0.036386881, -0.681202233),
        ["fov"] = 81.20620727539062
    },
    {
        ["cframe"] = CFrame.new(139.272048950, 441.038543701, 20.599262238, -0.679996133, -0.040841315, -0.732077360, -0.054459207, 0.998502851, -0.005119844, 0.731190443, 0.036386881, -0.681202233),
        ["fov"] = 80.40520477294922
    },
    {
        ["cframe"] = CFrame.new(141.166320801, 441.194641113, 24.097698212, -0.509453058, 0.059788160, -0.858418882, -0.012205548, 0.996980846, 0.076682620, 0.860411882, 0.049543671, -0.507185280),
        ["fov"] = 80.02565002441406
    },
    {
        ["cframe"] = CFrame.new(141.166320801, 441.194641113, 24.097698212, -0.509453058, 0.059788160, -0.858418882, -0.012205548, 0.996980846, 0.076682620, 0.860411882, 0.049543671, -0.507185280),
        ["fov"] = 79.5614013671875
    },
    {
        ["cframe"] = CFrame.new(141.166320801, 441.194641113, 24.097698212, -0.509453058, 0.059788160, -0.858418882, -0.012205548, 0.996980846, 0.076682620, 0.860411882, 0.049543671, -0.507185280),
        ["fov"] = 78.68421173095703
    },
    {
        ["cframe"] = CFrame.new(141.166320801, 441.194641113, 24.097698212, -0.509453058, 0.059788160, -0.858418882, -0.012205548, 0.996980846, 0.076682620, 0.860411882, 0.049543671, -0.507185280),
        ["fov"] = 77.80701446533203
    },
    {
        ["cframe"] = CFrame.new(143.231201172, 441.205291748, 27.904619217, -0.721188426, -0.043883093, -0.691347599, -0.077575721, 0.996830225, 0.017650625, 0.688381612, 0.066361219, -0.722306669),
        ["fov"] = 76.92982482910156
    },
    {
        ["cframe"] = CFrame.new(143.619018555, 441.205291748, 28.619596481, -0.733487070, -0.044433381, -0.678249538, -0.077700138, 0.996800900, 0.018725872, 0.675247729, 0.066435248, -0.734593034),
        ["fov"] = 76.05264282226562
    },
    {
        ["cframe"] = CFrame.new(144.076614380, 441.218872070, 29.436704636, -0.742322743, -0.041161269, -0.668777049, -0.076981716, 0.996741176, 0.024100918, 0.665605605, 0.069374256, -0.743072331),
        ["fov"] = 75.1754379272461
    },
    {
        ["cframe"] = CFrame.new(144.468841553, 441.230529785, 30.137081146, -0.749795079, -0.038386323, -0.660555661, -0.076311685, 0.996670783, 0.028702505, 0.657254815, 0.071929105, -0.750228167),
        ["fov"] = 74.7368392944336
    },
    {
        ["cframe"] = CFrame.new(144.991806030, 441.246032715, 31.070919037, -0.759611309, -0.034729812, -0.649449348, -0.075340591, 0.996549428, 0.034828842, 0.645998776, 0.075386278, -0.759606779),
        ["fov"] = 73.85964965820312
    },
    {
        ["cframe"] = CFrame.new(145.343933105, 441.261840820, 31.689262390, -0.761383951, -0.033882745, -0.647415161, -0.074540950, 0.996585667, 0.035506159, 0.644001603, 0.075292751, -0.761310041),
        ["fov"] = 73.4210433959961
    },
    {
        ["cframe"] = CFrame.new(145.760009766, 441.288482666, 32.404342651, -0.756381452, -0.035265423, -0.653179467, -0.073418342, 0.996813059, 0.031200040, 0.649997532, 0.071554482, -0.756560028),
        ["fov"] = 72.10527038574219
    },
    {
        ["cframe"] = CFrame.new(146.176071167, 441.315093994, 33.119419098, -0.751335680, -0.036676589, -0.658900261, -0.072263263, 0.997022688, 0.026903277, 0.655951798, 0.067827664, -0.751749039),
        ["fov"] = 71.22807312011719
    },
    {
        ["cframe"] = CFrame.new(146.540130615, 441.338378906, 33.745109558, -0.746885419, -0.037934609, -0.663869858, -0.071225993, 0.997191489, 0.023151513, 0.661127150, 0.064576313, -0.747489691),
        ["fov"] = 70.35087585449219
    },
    {
        ["cframe"] = CFrame.new(147.188278198, 441.357849121, 35.432552338, -0.726313531, -0.044944689, -0.685892522, -0.077726215, 0.996829987, 0.016987188, 0.682954788, 0.065649852, -0.727504492),
        ["fov"] = 69.91227722167969
    },
    {
        ["cframe"] = CFrame.new(147.950057983, 441.375762939, 37.544696808, -0.698273301, -0.054139137, -0.713780999, -0.087000877, 0.996162415, 0.009553367, 0.710524678, 0.068770438, -0.700303733),
        ["fov"] = 69.03507995605469
    },
    {
        ["cframe"] = CFrame.new(148.711853027, 441.393676758, 39.656841278, -0.669075072, -0.063189737, -0.740503550, -0.095974468, 0.995382190, 0.001777434, 0.736971796, 0.072258674, -0.672050059),
        ["fov"] = 68.15789031982422
    },
    {
        ["cframe"] = CFrame.new(149.457366943, 441.348846436, 41.919395447, -0.636444747, -0.072751462, -0.767883599, -0.105689615, 0.994377196, -0.006611415, 0.764046907, 0.076949522, -0.640555203),
        ["fov"] = 67.28070068359375
    },
    {
        ["cframe"] = CFrame.new(149.860153198, 441.233551025, 43.427154541, -0.613847136, -0.079046331, -0.785457373, -0.112567730, 0.993571401, -0.012016945, 0.781357884, 0.081040598, -0.618798971),
        ["fov"] = 66.84210205078125
    },
    {
        ["cframe"] = CFrame.new(150.464340210, 441.060638428, 45.688793182, -0.578954637, -0.088246159, -0.810570300, -0.122582145, 0.992247224, -0.020470157, 0.806092501, 0.087510146, -0.585283577),
        ["fov"] = 65.96491241455078
    },
    {
        ["cframe"] = CFrame.new(150.802612305, 440.895996094, 47.037712097, -0.559441090, -0.093130492, -0.823621511, -0.128091186, 0.991444647, -0.025101645, 0.818912864, 0.091455750, -0.566584051),
        ["fov"] = 65.52631378173828
    },
    {
        ["cframe"] = CFrame.new(151.278640747, 440.601470947, 49.012481689, -0.531924069, -0.099709295, -0.840901256, -0.135718912, 0.990244389, -0.031566616, 0.835845172, 0.097335152, -0.540267289),
        ["fov"] = 64.64911651611328
    },
    {
        ["cframe"] = CFrame.new(151.822662354, 440.264892578, 51.269359589, -0.499748498, -0.106973790, -0.859539390, -0.144165754, 0.988775313, -0.039237801, 0.854088783, 0.104307130, -0.509560943),
        ["fov"] = 63.77192687988281
    },
    {
        ["cframe"] = CFrame.new(152.162689209, 440.054534912, 52.679912567, -0.479264498, -0.111371867, -0.870575547, -0.149293497, 0.987805367, -0.044180721, 0.864879727, 0.108797014, -0.490047157),
        ["fov"] = 62.894737243652344
    },
    {
        ["cframe"] = CFrame.new(152.429687500, 439.960144043, 53.885429382, -0.463647634, -0.114583470, -0.878579199, -0.153344214, 0.987015903, -0.047802210, 0.872649074, 0.112561636, -0.475198358),
        ["fov"] = 62.456138610839844
    },
    {
        ["cframe"] = CFrame.new(152.695022583, 439.890380859, 55.116645813, -0.448205262, -0.117649809, -0.886154950, -0.157341257, 0.986208200, -0.051352236, 0.879974902, 0.116412364, -0.460534871),
        ["fov"] = 61.578948974609375
    },
    {
        ["cframe"] = CFrame.new(152.894042969, 439.838073730, 56.040065765, -0.436530709, -0.119903281, -0.891663671, -0.160296679, 0.985587537, -0.054057118, 0.885294199, 0.119333141, -0.449459314),
        ["fov"] = 60.70175552368164
    },
    {
        ["cframe"] = CFrame.new(154.074035645, 439.809020996, 59.251171112, -0.332868069, -0.101866923, -0.937455058, -0.166372702, 0.984896541, -0.047947060, 0.928180456, 0.140006870, -0.344788551),
        ["fov"] = 59.82455825805664
    },
    {
        ["cframe"] = CFrame.new(155.422592163, 439.775817871, 62.921001434, -0.209249601, -0.078959912, -0.974669158, -0.174331009, 0.983779371, -0.042271197, 0.962197185, 0.161069825, -0.219620571),
        ["fov"] = 58.94736862182617
    },
    {
        ["cframe"] = CFrame.new(156.771163940, 439.742584229, 66.590827942, -0.082192488, -0.053955670, -0.995154858, -0.183159158, 0.982343435, -0.038133465, 0.979641318, 0.179137439, -0.090623729),
        ["fov"] = 58.50878143310547
    },
    {
        ["cframe"] = CFrame.new(157.871109009, 439.734252930, 69.395942688, -0.009149127, -0.018208791, -0.999792278, -0.190483823, 0.981557727, -0.016133584, 0.981647611, 0.190296650, -0.012448872),
        ["fov"] = 57.63157653808594
    },
    {
        ["cframe"] = CFrame.new(158.770935059, 439.777709961, 71.186073303, -0.013477651, 0.042768512, -0.998994112, -0.191129923, 0.980552793, 0.044557620, 0.981472194, 0.191538185, -0.005041250),
        ["fov"] = 56.7543830871582
    },
    {
        ["cframe"] = CFrame.new(159.542190552, 439.815002441, 72.720428467, 0.087566264, 0.060580425, -0.994315028, -0.173563361, 0.983809948, 0.044655174, 0.980922043, 0.168666348, 0.096663088),
        ["fov"] = 55.877193450927734
    },
    {
        ["cframe"] = CFrame.new(160.345596313, 439.853820801, 74.318725586, 0.123745628, 0.044693340, -0.991306901, -0.185139984, 0.982483745, 0.021184379, 0.974889815, 0.180909082, 0.129852563),
        ["fov"] = 55
    },
    {
        ["cframe"] = CFrame.new(161.116867065, 439.891082764, 75.853096008, 0.146300375, 0.023914577, -0.988951206, -0.200981677, 0.979576349, -0.006044320, 0.968608618, 0.199645326, 0.148118809),
        ["fov"] = 54.79591751098633
    },
    {
        ["cframe"] = CFrame.new(162.511123657, 439.985992432, 78.343383789, 0.174406350, 0.039194398, -0.983893454, -0.207057044, 0.978326261, 0.002269395, 0.962657690, 0.203326270, 0.178741783),
        ["fov"] = 54.591835021972656
    },
    {
        ["cframe"] = CFrame.new(164.587677002, 440.130401611, 82.020980835, 0.214481577, 0.067602240, -0.974385798, -0.214311004, 0.976548791, 0.020578191, 0.952926278, 0.204407945, 0.223939598),
        ["fov"] = 54.081634521484375
    },
    {
        ["cframe"] = CFrame.new(166.935363770, 440.319122314, 85.916687012, 0.233311340, 0.096105486, -0.967641234, -0.221230835, 0.974254429, 0.043420561, 0.946901679, 0.203941569, 0.248566106),
        ["fov"] = 53.67346954345703
    },
    {
        ["cframe"] = CFrame.new(169.445755005, 440.534454346, 89.943275452, 0.239563838, 0.124647684, -0.962845862, -0.227791399, 0.971257806, 0.069060341, 0.943779826, 0.202783674, 0.261071920),
        ["fov"] = 53.367347717285156
    },
    {
        ["cframe"] = CFrame.new(171.096893311, 440.652923584, 92.724037170, 0.245389536, 0.140415058, -0.959201515, -0.233484820, 0.968888104, 0.082101375, 0.940887213, 0.203812197, 0.270539820),
        ["fov"] = 52.95918655395508
    },
    {
        ["cframe"] = CFrame.new(171.806671143, 440.690673828, 93.994834900, 0.248864874, 0.145515546, -0.957544565, -0.236680239, 0.967812777, 0.085563004, 0.939174473, 0.205338225, 0.275295258),
        ["fov"] = 52.85714340209961
    },
    {
        ["cframe"] = CFrame.new(172.516418457, 440.728424072, 95.265632629, 0.252324492, 0.150614575, -0.955849111, -0.239884689, 0.966712952, 0.089001805, 0.937436759, 0.206836224, 0.280055493),
        ["fov"] = 52.65306091308594
    },
    {
        ["cframe"] = CFrame.new(173.222976685, 440.757141113, 96.560188293, 0.257184386, 0.154223025, -0.953976631, -0.236545309, 0.967198670, 0.092589848, 0.936964452, 0.201846048, 0.285229176),
        ["fov"] = 52.448978424072266
    },
    {
        ["cframe"] = CFrame.new(173.786285400, 440.774749756, 97.610084534, 0.261938751, 0.156183288, -0.952362776, -0.229953662, 0.968496382, 0.095582440, 0.937288284, 0.193962559, 0.289601713),
        ["fov"] = 52.24489974975586
    },
    {
        ["cframe"] = CFrame.new(174.832473755, 440.807403564, 99.560020447, 0.172003925, 0.179304704, -0.968640506, -0.143987894, 0.977310777, 0.155341357, 0.974516273, 0.112753198, 0.193919048),
        ["fov"] = 51.93877410888672
    },
    {
        ["cframe"] = CFrame.new(176.035949707, 440.837615967, 101.827865601, 0.282095015, 0.162250906, -0.945567012, -0.198085949, 0.974208891, 0.108069748, 0.938714206, 0.156817600, 0.306959063),
        ["fov"] = 51.53061294555664
    },
    {
        ["cframe"] = CFrame.new(176.584716797, 440.848388672, 102.871879578, 0.287727475, 0.162770689, -0.943778992, -0.186906412, 0.976046383, 0.111354053, 0.939297080, 0.144358709, 0.311258227),
        ["fov"] = 51.42856979370117
    },
    {
        ["cframe"] = CFrame.new(178.048080444, 440.877197266, 105.655944824, 0.302906901, 0.163822949, -0.938834190, -0.157147214, 0.980215669, 0.120341651, 0.939974606, 0.111082852, 0.322658420),
        ["fov"] = 51.02040481567383
    },
    {
        ["cframe"] = CFrame.new(179.361495972, 440.900238037, 108.164062500, 0.316989630, 0.163760096, -0.934184253, -0.128352866, 0.983326256, 0.128821567, 0.939703763, 0.079070121, 0.332723290),
        ["fov"] = 50.61224365234375
    },
    {
        ["cframe"] = CFrame.new(181.000671387, 440.917602539, 111.332336426, 0.335954428, 0.160574466, -0.928089678, -0.083685853, 0.986552298, 0.140396431, 0.938153088, 0.030501163, 0.344874471),
        ["fov"] = 50.20408248901367
    },
    {
        ["cframe"] = CFrame.new(182.610870361, 440.933319092, 114.433494568, 0.354181737, 0.155727744, -0.922119379, -0.042726424, 0.987702489, 0.150392443, 0.934199989, -0.013867393, 0.356479973),
        ["fov"] = 49.69387435913086
    },
    {
        ["cframe"] = CFrame.new(183.445999146, 440.938201904, 116.014320374, 0.361994237, 0.150855452, -0.919892848, -0.028117251, 0.988136590, 0.150982246, 0.931756198, -0.028789852, 0.361941397),
        ["fov"] = 49.48979187011719
    },
    {
        ["cframe"] = CFrame.new(184.281127930, 440.943084717, 117.595153809, 0.369770169, 0.145872757, -0.917600811, -0.013538697, 0.988339663, 0.151662484, 0.929024637, -0.043657139, 0.367433399),
        ["fov"] = 49.285709381103516
    },
    {
        ["cframe"] = CFrame.new(184.837890625, 440.946350098, 118.649047852, 0.374932557, 0.142489806, -0.916036189, -0.003838786, 0.988347352, 0.152166635, 0.927044094, -0.053535741, 0.371110618),
        ["fov"] = 49.18367385864258
    },
    {
        ["cframe"] = CFrame.new(186.250167847, 440.950958252, 121.291587830, 0.372082949, 0.167530909, -0.912955463, 0.016398549, 0.982236683, 0.186927646, 0.928054571, -0.084523715, 0.362726301),
        ["fov"] = 48.46938705444336
    },
    {
        ["cframe"] = CFrame.new(186.250167847, 440.950958252, 121.291587830, 0.372082949, 0.167530909, -0.912955463, 0.016398549, 0.982236683, 0.186927646, 0.928054571, -0.084523715, 0.362726301),
        ["fov"] = 47.755096435546875
    },
    {
        ["cframe"] = CFrame.new(186.250167847, 440.950958252, 121.291587830, 0.372082949, 0.167530909, -0.912955463, 0.016398549, 0.982236683, 0.186927646, 0.928054571, -0.084523715, 0.362726301),
        ["fov"] = 47.551021575927734
    },
    {
        ["cframe"] = CFrame.new(189.768875122, 440.961791992, 127.870254517, 0.412823945, 0.103419237, -0.904920340, 0.055508539, 0.988829195, 0.138331756, 0.909117758, -0.107337475, 0.402471751),
        ["fov"] = 47.244903564453125
    },
    {
        ["cframe"] = CFrame.new(191.103973389, 440.962066650, 130.333969116, 0.421037108, 0.100519009, -0.901456475, 0.064355887, 0.988025248, 0.140230313, 0.904757500, -0.117056206, 0.409526289),
        ["fov"] = 46.53061294555664
    },
    {
        ["cframe"] = CFrame.new(192.184799194, 440.962066650, 132.326660156, 0.427280068, 0.098821931, -0.898702383, 0.071130879, 0.987253249, 0.142377570, 0.901316941, -0.124760590, 0.414804369),
        ["fov"] = 46.224491119384766
    },
    {
        ["cframe"] = CFrame.new(192.933074951, 440.962066650, 133.706192017, 0.431591749, 0.097617641, -0.896771550, 0.075802155, 0.986686528, 0.143886805, 0.898878455, -0.130077586, 0.418446183),
        ["fov"] = 46.020408630371094
    },
    {
        ["cframe"] = CFrame.new(194.180191040, 440.962066650, 136.005447388, 0.438759565, 0.095557176, -0.893509209, 0.083552189, 0.985684156, 0.146443367, 0.894711673, -0.138908103, 0.424494356),
        ["fov"] = 45.71428680419922
    },
    {
        ["cframe"] = CFrame.new(195.510452271, 440.962066650, 138.457977295, 0.446377009, 0.093286142, -0.889969349, 0.091769092, 0.984535396, 0.149226621, 0.890127003, -0.148282990, 0.430913180),
        ["fov"] = 45.10204315185547
    },
    {
        ["cframe"] = CFrame.new(196.840713501, 440.962066650, 140.910522461, 0.453965098, 0.090939723, -0.886366606, 0.099933244, 0.983305156, 0.152067661, 0.885397732, -0.157610908, 0.437298208),
        ["fov"] = 45
    },
    {
        ["cframe"] = CFrame.new(198.170974731, 440.962066650, 143.363052368, 0.461522192, 0.088518254, -0.882701397, 0.108043402, 0.981993973, 0.154966101, 0.880524814, -0.166890368, 0.443648189),
        ["fov"] = 45
    },
    {
        ["cframe"] = CFrame.new(198.836105347, 440.962066650, 144.589309692, 0.465288520, 0.087279454, -0.880845547, 0.112077840, 0.981308401, 0.156436712, 0.878034770, -0.171511486, 0.446809441),
        ["fov"] = 45
    },
    {
        ["cframe"] = CFrame.new(199.418090820, 440.962066650, 145.662292480, 0.468577683, 0.086180180, -0.879208684, 0.115596510, 0.980692148, 0.157735199, 0.875826657, -0.175544649, 0.449568301),
        ["fov"] = 45
    },
    {
        ["cframe"] = CFrame.new(200.000076294, 440.962066650, 146.735275269, 0.471860319, 0.085066631, -0.877559960, 0.119104348, 0.980060816, 0.159044504, 0.873591483, -0.179568008, 0.452319920),
        ["fov"] = 45
    },
    {
        ["cframe"] = CFrame.new(200.582077026, 440.962066650, 147.808258057, 0.475136489, 0.083938874, -0.875899196, 0.122601278, 0.979413986, 0.160364598, 0.871328950, -0.183581442, 0.455064386),
        ["fov"] = 45
    },
    {
        ["cframe"] = CFrame.new(201.451995850, 440.962066650, 149.396240234, 0.479874492, 0.082158975, -0.873481810, 0.127542570, 0.978496134, 0.162106022, 0.868016899, -0.189196661, 0.459076554),
        ["fov"] = 45
    },
    {
        ["cframe"] = CFrame.new(202.387741089, 440.962066650, 151.069915771, 0.484636188, 0.080068506, -0.871043384, 0.132259890, 0.977644920, 0.163455099, 0.864658833, -0.194420382, 0.463212281),
        ["fov"] = 45
    },
    {
        ["cframe"] = CFrame.new(203.323501587, 440.962097168, 152.743591309, 0.489380509, 0.077951863, -0.868579447, 0.136957929, 0.976767361, 0.164827049, 0.861248553, -0.199621990, 0.467334807),
        ["fov"] = 45
    },
    {
        ["cframe"] = CFrame.new(204.187271118, 440.962097168, 154.288543701, 0.493743896, 0.075974889, -0.866282225, 0.141277209, 0.975933969, 0.166113555, 0.858054638, -0.204403475, 0.471127898),
        ["fov"] = 45
    },
    {
        ["cframe"] = CFrame.new(205.195007324, 440.962097168, 156.090957642, 0.498814911, 0.073640451, -0.863574386, 0.146294951, 0.974933326, 0.167638838, 0.854272485, -0.209957331, 0.475538075),
        ["fov"] = 45
    },
    {
        ["cframe"] = CFrame.new(206.046463013, 440.962097168, 157.549789429, 0.502573073, 0.071413837, -0.861580193, 0.149388984, 0.974417806, 0.167907521, 0.851530015, -0.213096395, 0.479047716),
        ["fov"] = 45
    },
    {
        ["cframe"] = CFrame.new(206.654663086, 440.962097168, 158.591827393, 0.505249143, 0.069816254, -0.860144794, 0.151594564, 0.974042714, 0.168107763, 0.849554241, -0.215329558, 0.481550395),
        ["fov"] = 45
    },
    {
        ["cframe"] = CFrame.new(207.159774780, 440.962097168, 159.329055786, 0.506683052, 0.071144283, -0.859192014, 0.151536852, 0.973724425, 0.169992357, 0.848710120, -0.216331467, 0.482588708),
        ["fov"] = 45
    },
    {
        ["cframe"] = CFrame.new(207.777130127, 440.962097168, 160.230087280, 0.508435547, 0.072763771, -0.858020306, 0.151462018, 0.973331511, 0.172294214, 0.847674847, -0.217557967, 0.483855337),
        ["fov"] = 45
    },
    {
        ["cframe"] = CFrame.new(208.207366943, 440.962066650, 160.796310425, 0.509259462, 0.074771158, -0.857358694, 0.150493175, 0.973131716, 0.174258724, 0.847352624, -0.217769533, 0.484324068),
        ["fov"] = 45
    },
    {
        ["cframe"] = CFrame.new(208.721710205, 440.962097168, 161.392730713, 0.509723365, 0.078319035, -0.856766045, 0.148140848, 0.972983837, 0.177077517, 0.847488225, -0.217182606, 0.484350413),
        ["fov"] = 45
    },
    {
        ["cframe"] = CFrame.new(209.351867676, 440.962097168, 162.115341187, 0.510203600, 0.083264694, -0.856013596, 0.145197958, 0.972677290, 0.181153893, 0.847708583, -0.216716796, 0.484173536),
        ["fov"] = 45
    },
    {
        ["cframe"] = CFrame.new(209.988891602, 440.962097168, 162.774322510, 0.509952784, 0.089055769, -0.855580032, 0.141740948, 0.972331524, 0.185690314, 0.848444223, -0.215964019, 0.483220369),
        ["fov"] = 45
    },
    {
        ["cframe"] = CFrame.new(210.650817871, 440.962127686, 163.415267944, 0.509229422, 0.092700101, -0.855623782, 0.137877688, 0.972553670, 0.187427238, 0.849514604, -0.213414893, 0.482471764),
        ["fov"] = 46.71009826660156
    },
    {
        ["cframe"] = CFrame.new(210.899047852, 440.962127686, 163.655639648, 0.508955538, 0.094066195, -0.855637550, 0.136428595, 0.972631872, 0.188079461, 0.849912524, -0.212457508, 0.482193232),
        ["fov"] = 46.98039627075195
    },
    {
        ["cframe"] = CFrame.new(211.376373291, 440.962127686, 164.080276489, 0.508047700, 0.094661713, -0.856111348, 0.133407995, 0.973299801, 0.186788604, 0.850934625, -0.209109634, 0.481854051),
        ["fov"] = 47.7475471496582
    },
    {
        ["cframe"] = CFrame.new(212.004302979, 440.974029541, 164.544769287, 0.505559504, 0.089051008, -0.858183861, 0.129024893, 0.975671351, 0.177251369, 0.853089750, -0.200338200, 0.481770098),
        ["fov"] = 48.63686752319336
    },
    {
        ["cframe"] = CFrame.new(212.460754395, 440.994445801, 164.808441162, 0.493928671, 0.082813375, -0.865549743, 0.125724047, 0.978191137, 0.165335372, 0.860364974, -0.190484285, 0.472744972),
        ["fov"] = 49.01061248779297
    },
    {
        ["cframe"] = CFrame.new(212.678741455, 441.021057129, 164.828872681, 0.468828857, 0.078425191, -0.879800558, 0.123881347, 0.980367720, 0.153403714, 0.874558687, -0.180910975, 0.449909240),
        ["fov"] = 49.17743682861328
    },
    {
        ["cframe"] = CFrame.new(213.201904297, 441.084930420, 164.877944946, 0.407244474, 0.066544339, -0.910891712, 0.117950283, 0.985158205, 0.124703392, 0.905670881, -0.158224717, 0.393351287),
        ["fov"] = 49.69846725463867
    },
    {
        ["cframe"] = CFrame.new(213.899444580, 441.170104980, 164.943374634, 0.322672427, 0.047798704, -0.945302963, 0.106732398, 0.990516543, 0.086517245, 0.940473616, -0.128811181, 0.314510643),
        ["fov"] = 49.991539001464844
    },
    {
        ["cframe"] = CFrame.new(214.320495605, 441.238800049, 164.874801636, 0.248540387, 0.032548804, -0.968074501, 0.096277952, 0.993655682, 0.058127005, 0.963824809, -0.107651144, 0.243829861),
        ["fov"] = 50
    },
    {
        ["cframe"] = CFrame.new(214.591247559, 441.294891357, 164.756118774, 0.184821844, 0.019792730, -0.982572734, 0.086686611, 0.995571852, 0.036360331, 0.978941381, -0.091896079, 0.182287708),
        ["fov"] = 50
    },
    {
        ["cframe"] = CFrame.new(214.794311523, 441.336975098, 164.667098999, 0.136655450, 0.009411292, -0.990573943, 0.078489274, 0.996708274, 0.020297620, 0.987504303, -0.080523193, 0.135466963),
        ["fov"] = 50
    },
    {
        ["cframe"] = CFrame.new(215.031219482, 441.386077881, 164.563247681, 0.080244228, -0.003550929, -0.996768951, 0.067856453, 0.997693360, 0.001908521, 0.994462848, -0.067790344, 0.080300130),
        ["fov"] = 50
    },
    {
        ["cframe"] = CFrame.new(215.301971436, 441.442169189, 164.444580078, 0.015741425, -0.019439926, -0.999687016, 0.054324314, 0.998350859, -0.018558525, 0.998399138, -0.054015182, 0.016771510),
        ["fov"] = 50
    },
    {
        ["cframe"] = CFrame.new(215.495117188, 441.477203369, 164.361236572, -0.033442937, -0.030441614, -0.998976946, 0.043878861, 0.998527527, -0.031896859, 0.998476982, -0.044900697, -0.032057941),
        ["fov"] = 50
    },
    {
        ["cframe"] = CFrame.new(215.734252930, 441.477020264, 164.269729614, -0.122946464, -0.036139585, -0.991755068, 0.030809643, 0.998715997, -0.040212672, 0.991935015, -0.035499629, -0.121675141),
        ["fov"] = 50
    },
    {
        ["cframe"] = CFrame.new(215.973388672, 441.476806641, 164.178207397, -0.211345732, -0.042820856, -0.976472914, 0.016908225, 0.998730183, -0.047456477, 0.977265060, -0.026540145, -0.210353330),
        ["fov"] = 50
    },
    {
        ["cframe"] = CFrame.new(216.116882324, 441.476684570, 164.123291016, -0.263550520, -0.047285154, -0.963485956, 0.008207200, 0.998651862, -0.051255979, 0.964610636, -0.021416064, -0.262807131),
        ["fov"] = 50
    },
    {
        ["cframe"] = CFrame.new(216.359863281, 441.474884033, 164.041534424, -0.345741004, -0.053591978, -0.936798334, -0.007047786, 0.998487830, -0.054519989, 0.938303590, -0.012247440, -0.345595896),
        ["fov"] = 50
    },
    {
        ["cframe"] = CFrame.new(216.452423096, 441.473632812, 164.014556885, -0.374809474, -0.055499047, -0.925439239, -0.012941841, 0.998422563, -0.054634355, 0.927011549, -0.008500579, -0.374936461),
        ["fov"] = 50
    },
    {
        ["cframe"] = CFrame.new(216.656646729, 441.483428955, 163.965698242, -0.433625191, -0.058391456, -0.899199426, -0.025996931, 0.998293519, -0.052289721, 0.900718272, 0.000702291, -0.434403151),
        ["fov"] = 50
    },
    {
        ["cframe"] = CFrame.new(216.746002197, 441.492279053, 163.948226929, -0.457373857, -0.059215300, -0.887300730, -0.031670310, 0.998232245, -0.050293487, 0.888710380, 0.005098163, -0.458440721),
        ["fov"] = 50
    },
    {
        ["cframe"] = CFrame.new(216.819915771, 441.501342773, 163.935287476, -0.476240039, -0.059753753, -0.877282679, -0.036335483, 0.998173535, -0.048262890, 0.878564239, 0.008891760, -0.477541506),
        ["fov"] = 50
    },
    {
        ["cframe"] = CFrame.new(216.868362427, 441.518341064, 163.936370850, -0.485126764, -0.058638986, -0.872475445, -0.039367206, 0.998201966, -0.045199517, 0.873557270, 0.012419424, -0.486562967),
        ["fov"] = 50
    },
    {
        ["cframe"] = CFrame.new(216.930633545, 441.540161133, 163.937774658, -0.496480674, -0.057258151, -0.866157293, -0.043223459, 0.998215079, -0.041212302, 0.866970956, 0.016977204, -0.498069435),
        ["fov"] = 50
    },
    {
        ["cframe"] = CFrame.new(218.150817871, 441.557159424, 166.242218018, 0.652019620, -0.055414543, -0.756174505, 0.020307189, 0.998244405, -0.055643983, 0.757930279, 0.020925196, 0.652000010),
        ["fov"] = 50
    },
    {
        ["cframe"] = CFrame.new(219.253723145, 441.583038330, 168.693054199, 0.928716302, -0.034501594, 0.369182497, 0.042613428, 0.998995423, -0.013838244, -0.368334293, 0.028583933, 0.929253936),
        ["fov"] = 50
    },
    {
        ["cframe"] = CFrame.new(219.035980225, 441.665405273, 169.172561646, 0.935502172, 0.017627699, 0.352880836, -0.013016906, 0.999795973, -0.015435137, -0.353081018, 0.009846187, 0.935540915),
        ["fov"] = 50
    },
    {
        ["cframe"] = CFrame.new(218.886993408, 441.722900391, 169.520629883, 0.938718736, 0.054890115, 0.340285510, -0.052627850, 0.998488128, -0.015881862, -0.340642720, -0.002999894, 0.940188050),
        ["fov"] = 50
    },
    {
        ["cframe"] = CFrame.new(218.819244385, 441.753997803, 169.764770508, 0.941673219, 0.077621259, 0.327454656, -0.076821163, 0.996926367, -0.015398224, -0.327643275, -0.010655358, 0.944741428),
        ["fov"] = 50
    },
    {
        ["cframe"] = CFrame.new(218.788146973, 441.769317627, 169.894531250, 0.943157375, 0.089280568, 0.320129961, -0.089200877, 0.995901585, -0.014944522, -0.320152193, -0.014460840, 0.947255731),
        ["fov"] = 55
    },
    {
        ["cframe"] = CFrame.new(218.772399902, 441.777587891, 169.969360352, 0.944027245, 0.095794894, 0.315651476, -0.096108951, 0.995263875, -0.014610084, -0.315555990, -0.016544620, 0.948762715),
        ["fov"] = 55.3076171875
    },
    {
        ["cframe"] = CFrame.new(218.756622314, 441.785858154, 170.044174194, 0.944818437, 0.102331974, 0.311201215, -0.103029422, 0.994576156, -0.014244309, -0.310971022, -0.018604603, 0.950237274),
        ["fov"] = 55.605472564697266
    },
    {
        ["cframe"] = CFrame.new(218.735656738, 441.797332764, 170.151382446, 0.945893884, 0.111575395, 0.304689497, -0.112798899, 0.993524492, -0.013643564, -0.304238677, -0.021463286, 0.952354014),
        ["fov"] = 56.171878814697266
    },
    {
        ["cframe"] = CFrame.new(218.730651855, 441.801727295, 170.205978394, 0.946654379, 0.115746424, 0.300746113, -0.117211208, 0.993018806, -0.013233344, -0.300178260, -0.022723412, 0.953612447),
        ["fov"] = 56.824951171875
    },
    {
        ["cframe"] = CFrame.new(218.727844238, 441.804199219, 170.236724854, 0.947064459, 0.118098281, 0.298532575, -0.119696006, 0.992725670, -0.012994724, -0.297895581, -0.023426322, 0.954310954),
        ["fov"] = 57.069091796875
    },
    {
        ["cframe"] = CFrame.new(218.725036621, 441.806701660, 170.267440796, 0.947462261, 0.120454155, 0.296320915, -0.122182801, 0.992425501, -0.012750344, -0.295612305, -0.024124851, 0.955003321),
        ["fov"] = 57.303466796875
    },
    {
        ["cframe"] = CFrame.new(218.722442627, 441.809143066, 170.298812866, 0.947873831, 0.122836232, 0.294017822, -0.124695681, 0.992116630, -0.012489295, -0.293234080, -0.024824480, 0.955718279),
        ["fov"] = 57.63671112060547
    },
    {
        ["cframe"] = CFrame.new(218.721527100, 441.810180664, 170.312820435, 0.948068857, 0.123877391, 0.292950243, -0.125793785, 0.991979361, -0.012366057, -0.292132467, -0.025127452, 0.956047714),
        ["fov"] = 57.947998046875
    },
    {
        ["cframe"] = CFrame.new(218.720718384, 441.811096191, 170.325286865, 0.948239863, 0.124803588, 0.292002141, -0.126770243, 0.991856515, -0.012255522, -0.291153729, -0.025396014, 0.956339121),
        ["fov"] = 58.046871185302734
    },
    {
        ["cframe"] = CFrame.new(218.719085693, 441.812927246, 170.350173950, 0.948575914, 0.126658008, 0.290105969, -0.128724128, 0.991607606, -0.012031479, -0.289195120, -0.025930870, 0.956918895),
        ["fov"] = 58.5888671875
    },
    {
        ["cframe"] = CFrame.new(218.718811035, 441.813659668, 170.361679077, 0.948741674, 0.127464339, 0.289209336, -0.129573867, 0.991498053, -0.011923915, -0.288270414, -0.026161259, 0.957191586),
        ["fov"] = 58.826904296875
    },
    {
        ["cframe"] = CFrame.new(218.718475342, 441.814575195, 170.375808716, 0.948943615, 0.128457516, 0.288105428, -0.130620062, 0.991362214, -0.011790380, -0.287131488, -0.026443949, 0.957526028),
        ["fov"] = 59.237060546875
    },
    {
        ["cframe"] = CFrame.new(218.718139648, 441.815490723, 170.389953613, 0.949142754, 0.129451543, 0.287002355, -0.131666675, 0.991225839, -0.011655670, -0.285992891, -0.026725762, 0.957858980),
        ["fov"] = 59.51171875
    },
    {
        ["cframe"] = CFrame.new(218.717926025, 441.816253662, 170.402023315, 0.949316442, 0.130294845, 0.286044866, -0.132554367, 0.991108537, -0.011537734, -0.285004824, -0.026963536, 0.958146751),
        ["fov"] = 59.647216796875
    },
    {
        ["cframe"] = CFrame.new(218.717742920, 441.817199707, 170.417739868, 0.949546933, 0.131383955, 0.284778774, -0.133700475, 0.990956306, -0.011380400, -0.283698559, -0.027268842, 0.958525717),
        ["fov"] = 59.82421875
    },
    {
        ["cframe"] = CFrame.new(218.717559814, 441.818145752, 170.433456421, 0.949774206, 0.132474154, 0.283512920, -0.134847119, 0.990803003, -0.011221529, -0.282391995, -0.027572989, 0.958902776),
        ["fov"] = 59.989013671875
    },
    {
        ["cframe"] = CFrame.new(218.717529297, 441.818786621, 170.444091797, 0.949932635, 0.133202687, 0.282639474, -0.135613188, 0.990699649, -0.011111127, -0.281490833, -0.027774824, 0.959161818),
        ["fov"] = 59.998779296875
    },
    {
        ["cframe"] = CFrame.new(218.717529297, 441.819335938, 170.453826904, 0.950077891, 0.133869275, 0.281835049, -0.136313900, 0.990604699, -0.011008843, -0.280660838, -0.027958784, 0.959399700),
        ["fov"] = 60
    },
    {
        ["cframe"] = CFrame.new(218.717529297, 441.820007324, 170.465759277, 0.950253665, 0.134684533, 0.280852407, -0.137170568, 0.990487576, -0.010883034, -0.279646635, -0.028183041, 0.959689260),
        ["fov"] = 65
    },
    {
        ["cframe"] = CFrame.new(218.717529297, 441.820770264, 170.478759766, 0.950443208, 0.135574639, 0.279780567, -0.138105482, 0.990359426, -0.010744774, -0.278539985, -0.028426932, 0.960003853),
        ["fov"] = 65
    },
    {
        ["cframe"] = CFrame.new(210.138641357, 438.743927002, 172.138275146, 0.692622840, -0.155611262, -0.704314351, -0.030493615, 0.969261408, -0.244136080, 0.720655084, 0.190571308, 0.666587472),
        ["fov"] = 65
    },
    {
        ["cframe"] = CFrame.new(209.654876709, 438.743865967, 172.315734863, 0.677868366, -0.142445758, -0.721251369, -0.034156550, 0.973888278, -0.224443063, 0.734389365, 0.176778302, 0.655302644),
        ["fov"] = 65
    },
    {
        ["cframe"] = CFrame.new(209.112670898, 438.743896484, 172.515106201, 0.660934865, -0.127272382, -0.739572048, -0.037777144, 0.978621542, -0.202170596, 0.749491870, 0.161560535, 0.641997039),
        ["fov"] = 65
    },
    {
        ["cframe"] = CFrame.new(208.827209473, 438.743896484, 172.620223999, 0.651859581, -0.119114198, -0.748926461, -0.039475296, 0.980918229, -0.190370664, 0.757311463, 0.153659031, 0.634718955),
        ["fov"] = 65
    },
    {
        ["cframe"] = CFrame.new(208.445556641, 438.743927002, 172.760375977, 0.639566064, -0.108035155, -0.761106849, -0.041519303, 0.983776033, -0.174530983, 0.767614126, 0.143224731, 0.624704123),
        ["fov"] = 65
    },
    {
        ["cframe"] = CFrame.new(208.267166138, 438.743927002, 172.826538086, 0.633747458, -0.102779634, -0.766681433, -0.042387351, 0.985030174, -0.167088836, 0.772377729, 0.138389722, 0.619903862),
        ["fov"] = 65
    },
    {
        ["cframe"] = CFrame.new(208.050735474, 438.743957520, 172.905822754, 0.626648903, -0.096360318, -0.773321390, -0.043362323, 0.986477375, -0.158058792, 0.778094471, 0.132580385, 0.613996387),
        ["fov"] = 65
    },
    {
        ["cframe"] = CFrame.new(207.913146973, 438.743988037, 172.956237793, 0.622105598, -0.092246525, -0.777480006, -0.043938838, 0.987356067, -0.152305886, 0.781699300, 0.128911912, 0.610186636),
        ["fov"] = 65
    },
    {
        ["cframe"] = CFrame.new(207.738586426, 438.743988037, 173.020523071, 0.616304696, -0.086987846, -0.782688677, -0.044622142, 0.988426328, -0.144989848, 0.786242545, 0.124283187, 0.605290294),
        ["fov"] = 65
    },
    {
        ["cframe"] = CFrame.new(207.631530762, 438.743988037, 173.059967041, 0.612729549, -0.083743773, -0.785843194, -0.045014232, 0.989057183, -0.140497416, 0.789009690, 0.121461041, 0.602254927),
        ["fov"] = 65
    },
    {
        ["cframe"] = CFrame.new(207.535278320, 438.743988037, 173.095443726, 0.609502017, -0.080813378, -0.788654864, -0.045349363, 0.989608109, -0.136452734, 0.791486442, 0.118933216, 0.599503219),
        ["fov"] = 65
    },
    {
        ["cframe"] = CFrame.new(207.469711304, 438.743988037, 173.119323730, 0.607303321, -0.078815803, -0.790550888, -0.045567539, 0.989973307, -0.133702800, 0.793162167, 0.117221616, 0.597622633),
        ["fov"] = 65
    },
    {
        ["cframe"] = CFrame.new(207.446197510, 438.744018555, 173.127853394, 0.606512666, -0.078097053, -0.791228890, -0.045644030, 0.990102768, -0.132714808, 0.793762505, 0.116608098, 0.596945226),
        ["fov"] = 65
    },
    {
        ["cframe"] = CFrame.new(207.429901123, 438.744018555, 173.133926392, 0.605962932, -0.077597447, -0.791698992, -0.045696590, 0.990191817, -0.132028446, 0.794179142, 0.116182290, 0.596473813),
        ["fov"] = 65
    },
    {
        ["cframe"] = CFrame.new(207.403991699, 438.743988037, 173.143478394, 0.605090737, -0.076804571, -0.792443216, -0.045778915, 0.990332901, -0.130939960, 0.794839323, 0.115507752, 0.595725119),
        ["fov"] = 65
    },
    {
        ["cframe"] = CFrame.new(207.390136719, 438.743988037, 173.148712158, 0.604621291, -0.076377884, -0.792842627, -0.045822714, 0.990407765, -0.130354553, 0.795193851, 0.115145333, 0.595321894),
        ["fov"] = 65
    },
    {
        ["cframe"] = CFrame.new(207.383697510, 438.743988037, 173.150970459, 0.604406595, -0.076182380, -0.793025196, -0.045842636, 0.990442276, -0.130086482, 0.795356035, 0.114979476, 0.595137477),
        ["fov"] = 65
    },
    {
        ["cframe"] = CFrame.new(207.382492065, 438.743988037, 173.151657104, 0.604362130, -0.076142058, -0.793063045, -0.045846742, 0.990449548, -0.130031139, 0.795389652, 0.114945255, 0.595099211),
        ["fov"] = 65
    },
    {
        ["cframe"] = CFrame.new(207.381439209, 438.744018555, 173.151687622, 0.604331255, -0.076114118, -0.793089211, -0.045849584, 0.990454435, -0.129992828, 0.795412838, 0.114921533, 0.595072687),
        ["fov"] = 65
    },
    {
        ["cframe"] = CFrame.new(207.381072998, 438.743988037, 173.152008057, 0.604316950, -0.076100931, -0.793101251, -0.045850921, 0.990456522, -0.129974768, 0.795423567, 0.114910379, 0.595060408),
        ["fov"] = 64.87423706054688
    },
    {
        ["cframe"] = CFrame.new(207.380996704, 438.744018555, 173.151901245, 0.604315400, -0.076099813, -0.793102503, -0.045851056, 0.990456700, -0.129973188, 0.795424759, 0.114909381, 0.595058978),
        ["fov"] = 64.4985580444336
    },
    {
        ["cframe"] = CFrame.new(222.632049561, 442.685394287, 167.404953003, 0.636456132, 0.059386492, 0.769023359, -0.057004035, 0.997926831, -0.029885693, -0.769203603, -0.024816496, 0.638521731),
        ["fov"] = 62.50446319580078
    },
    {
        ["cframe"] = CFrame.new(222.423950195, 442.685394287, 167.755355835, 0.673711181, 0.055827405, 0.736883044, -0.063409925, 0.997831762, -0.017623410, -0.736269295, -0.034852620, 0.675790489),
        ["fov"] = 61.31121826171875
    },
    {
        ["cframe"] = CFrame.new(222.177993774, 442.685363770, 168.169494629, 0.715711176, 0.052406237, 0.696427345, -0.070006765, 0.997541606, -0.003119891, -0.694878757, -0.046521686, 0.717620552),
        ["fov"] = 59.14213562011719
    },
    {
        ["cframe"] = CFrame.new(221.950973511, 442.685363770, 168.551757812, 0.752387583, 0.049983762, 0.656821549, -0.075168654, 0.997118592, 0.010225357, -0.654417694, -0.057065826, 0.753976703),
        ["fov"] = 56.57342529296875
    },
    {
