return {
    {
        ["cframe"] = CFrame.new(49383.843750000, 1.168292999, -3.614403248, -0.998624265, -0.051044937, -0.012001798, -0.051411137, 0.998148680, 0.032492127, 0.010321021, 0.033064455, -0.999399960),
        ["fov"] = 74.42809295654297
    },
    {
        ["cframe"] = CFrame.new(49383.980468750, 0.806550026, -4.469104290, -0.999848545, 0.015662350, -0.007586864, 0.014261553, 0.987242758, 0.158582911, 0.009973858, 0.158450708, -0.987316489),
        ["fov"] = 65
    },
    {
        ["cframe"] = CFrame.new(49383.984375000, 0.784881592, -4.683994293, -0.999887466, 0.014931708, 0.001451491, 0.014931765, 0.981174350, 0.192546949, 0.001450889, 0.192546949, -0.981286705),
        ["fov"] = 65
    },
    {
        ["cframe"] = CFrame.new(49383.984375000, 0.784881592, -4.683994293, -0.999887466, 0.014931708, 0.001451491, 0.014931765, 0.981174350, 0.192546949, 0.001450889, 0.192546949, -0.981286705),
        ["fov"] = 65
    },
    {
        ["cframe"] = CFrame.new(49383.984375000, 0.784881592, -4.683994293, -0.999887466, 0.014931708, 0.001451491, 0.014931765, 0.981174350, 0.192546949, 0.001450889, 0.192546949, -0.981286705),
        ["fov"] = 65
    },
    {
        ["cframe"] = CFrame.new(49383.984375000, 0.784881592, -4.683994293, -0.999887466, 0.014931708, 0.001451491, 0.014931765, 0.981174350, 0.192546949, 0.001450889, 0.192546949, -0.981286705),
        ["fov"] = 65
    },
    {
        ["cframe"] = CFrame.new(49383.984375000, 0.784881592, -4.683994293, -0.999887466, 0.014931708, 0.001451491, 0.014931765, 0.981174350, 0.192546949, 0.001450889, 0.192546949, -0.981286705),
        ["fov"] = 65
    },
    {
        ["cframe"] = CFrame.new(49383.980468750, 0.558308363, -4.213617325, -0.999825954, 0.014881904, -0.011251800, 0.014834790, 0.999880791, 0.004259205, 0.011313844, 0.004091545, -0.999927640),
        ["fov"] = 68.04911041259766
    },
    {
        ["cframe"] = CFrame.new(49383.980468750, 0.558308363, -4.213617325, -0.999825954, 0.014881905, -0.011251562, 0.014834791, 0.999881029, 0.004259203, 0.011313607, 0.004091547, -0.999927640),
        ["fov"] = 69.2591781616211
    },
    {
        ["cframe"] = CFrame.new(49383.996093750, 0.539341211, -4.212787151, -0.999800682, 0.013613224, -0.014605840, 0.014881645, 0.995778441, -0.090574950, 0.013311164, -0.090774253, -0.995782554),
        ["fov"] = 69.73204803466797
    },
    {
        ["cframe"] = CFrame.new(49384.011718750, 0.524244785, -4.211798191, -0.999800682, 0.013613205, -0.014605849, 0.014881645, 0.995778441, -0.090576306, 0.013311155, -0.090775609, -0.995782435),
        ["fov"] = 70.52770233154297
    },
    {
        ["cframe"] = CFrame.new(49384.058593750, 0.478951931, -4.208829880, -0.999800682, 0.013613205, -0.014605849, 0.014881645, 0.995778441, -0.090576306, 0.013311155, -0.090775609, -0.995782435),
        ["fov"] = 71.18589782714844
    },
    {
        ["cframe"] = CFrame.new(49383.968750000, 0.528892756, -4.211985588, -0.999800682, 0.013613207, -0.014605849, 0.014881647, 0.995778441, -0.090576313, 0.013311155, -0.090775616, -0.995782375),
        ["fov"] = 71.74696350097656
    },
    {
        ["cframe"] = CFrame.new(49384.011718750, 0.547300816, -4.213977337, -0.999800682, 0.013613224, -0.014605371, 0.014881621, 0.995777965, -0.090576276, 0.013310677, -0.090775564, -0.995782435),
        ["fov"] = 71.99853515625
    },
    {
        ["cframe"] = CFrame.new(49384.054687500, 0.565711737, -4.215969086, -0.999800682, 0.013613224, -0.014605371, 0.014881621, 0.995777965, -0.090576276, 0.013310677, -0.090775564, -0.995782435),
        ["fov"] = 72.45355987548828
    },
    {
        ["cframe"] = CFrame.new(49384.031250000, 0.542434931, -4.213744164, -0.999800682, 0.013613224, -0.014605371, 0.014881621, 0.995777965, -0.090576276, 0.013310677, -0.090775564, -0.995782435),
        ["fov"] = 72.65985870361328
    },
    {
        ["cframe"] = CFrame.new(49384.003906250, 0.519154549, -4.211518764, -0.999800682, 0.013613224, -0.014605371, 0.014881621, 0.995777965, -0.090576276, 0.013310677, -0.090775564, -0.995782435),
        ["fov"] = 72.85353088378906
    },
    {
        ["cframe"] = CFrame.new(49383.980468750, 0.546793699, -4.213177204, -0.999800682, 0.013613224, -0.014605371, 0.014881621, 0.995777965, -0.090576276, 0.013310677, -0.090775564, -0.995782435),
        ["fov"] = 73.03549194335938
    },
    {
        ["cframe"] = CFrame.new(49383.980468750, 0.546794891, -4.213177204, -0.999800682, 0.013613224, -0.014605371, 0.014881621, 0.995777965, -0.090576276, 0.013310677, -0.090775564, -0.995782435),
        ["fov"] = 73.36727905273438
    },
    {
        ["cframe"] = CFrame.new(49384.019531250, 0.536994219, -4.212964535, -0.999800682, 0.013613224, -0.014605371, 0.014881621, 0.995777965, -0.090576276, 0.013310677, -0.090775564, -0.995782435),
        ["fov"] = 73.6602554321289
    },
    {
        ["cframe"] = CFrame.new(49384.011718750, 0.536563873, -4.212866306, -0.999800682, 0.013613224, -0.014605371, 0.014881621, 0.995777965, -0.090576276, 0.013310677, -0.090775564, -0.995782435),
        ["fov"] = 73.79342651367188
    },
    {
        ["cframe"] = CFrame.new(49384.007812500, 0.536133528, -4.212768078, -0.999800682, 0.013613224, -0.014605371, 0.014881621, 0.995777965, -0.090576276, 0.013310677, -0.090775564, -0.995782435),
        ["fov"] = 73.91825103759766
    },
    {
        ["cframe"] = CFrame.new(49384.007812500, 0.536133528, -4.212768078, -0.999800682, 0.013613224, -0.014605371, 0.014881621, 0.995777965, -0.090576276, 0.013310677, -0.090775564, -0.995782435),
        ["fov"] = 74.03507995605469
    },
    {
        ["cframe"] = CFrame.new(49384.011718750, 0.536687613, -4.212082386, -0.999800682, 0.013613224, -0.014605371, 0.014881621, 0.995777965, -0.090576276, 0.013310677, -0.090775564, -0.995782435),
        ["fov"] = 74.2459487915039
    },
    {
        ["cframe"] = CFrame.new(49384.011718750, 0.537037134, -4.209753036, -0.999800682, 0.013613224, -0.014605371, 0.014881621, 0.995777965, -0.090576276, 0.013310677, -0.090775564, -0.995782435),
        ["fov"] = 74.34049987792969
    },
    {
        ["cframe"] = CFrame.new(49384.011718750, 0.537270308, -4.208199501, -0.999800682, 0.013613224, -0.014605371, 0.014881621, 0.995777965, -0.090576276, 0.013310677, -0.090775564, -0.995782435),
        ["fov"] = 74.42809295654297
    },
    {
        ["cframe"] = CFrame.new(49384.011718750, 0.537619829, -4.205867767, -0.999800682, 0.013613224, -0.014605371, 0.014881621, 0.995777965, -0.090576276, 0.013310677, -0.090775564, -0.995782435),
        ["fov"] = 74.58314514160156
    },
    {
        ["cframe"] = CFrame.new(49384.011718750, 0.537910938, -4.203926563, -0.999800682, 0.013613224, -0.014605371, 0.014881621, 0.995777965, -0.090576276, 0.013310677, -0.090775564, -0.995782435),
        ["fov"] = 74.65093994140625
    },
    {
        ["cframe"] = CFrame.new(49384.011718750, 0.538260698, -4.201595783, -0.999800682, 0.013613224, -0.014605371, 0.014881621, 0.995777965, -0.090576276, 0.013310677, -0.090775564, -0.995782435),
        ["fov"] = 74.76770782470703
    },
    {
        ["cframe"] = CFrame.new(49384.011718750, 0.538610220, -4.199265957, -0.999800682, 0.013613224, -0.014605371, 0.014881621, 0.995777965, -0.090576276, 0.013310677, -0.090775564, -0.995782435),
        ["fov"] = 74.81690979003906
    },
    {
        ["cframe"] = CFrame.new(49384.011718750, 0.539076567, -4.196157455, -0.999800682, 0.013613224, -0.014605371, 0.014881621, 0.995777965, -0.090576276, 0.013310677, -0.090775564, -0.995782435),
        ["fov"] = 74.8974380493164
    },
    {
        ["cframe"] = CFrame.new(49384.011718750, 0.539426088, -4.193827629, -0.999800682, 0.013613205, -0.014605849, 0.014881645, 0.995778441, -0.090576306, 0.013311155, -0.090775609, -0.995782435),
        ["fov"] = 74.95453643798828
    },
    {
        ["cframe"] = CFrame.new(49384.011718750, 0.539775610, -4.191498280, -0.999800682, 0.013613224, -0.014605371, 0.014881621, 0.995777965, -0.090576276, 0.013310677, -0.090775564, -0.995782435),
        ["fov"] = 74.97445678710938
    },
    {
        ["cframe"] = CFrame.new(49384.011718750, 0.540066957, -4.189554691, -0.999800682, 0.013613224, -0.014605371, 0.014881621, 0.995777965, -0.090576276, 0.013310677, -0.090775564, -0.995782435),
        ["fov"] = 74.98866271972656
    },
    {
        ["cframe"] = CFrame.new(49384.011718750, 0.540358067, -4.187613964, -0.999800682, 0.013613224, -0.014605371, 0.014881621, 0.995777965, -0.090576276, 0.013310677, -0.090775564, -0.995782435),
        ["fov"] = 75
    },
    {
        ["cframe"] = CFrame.new(49386.343750000, 0.412852526, -2.618402481, -0.927653611, 0.026316762, 0.372513473, -0.002748976, 0.997005701, -0.077280581, -0.373431802, -0.072713628, -0.924803495),
        ["fov"] = 60
    },
    {
        ["cframe"] = CFrame.new(49393.222656250, 0.037223577, 2.219651937, -0.000000250, 0.000000000, 0.999999940, -0.000000000, 0.999999821, -0.000000000, -0.999999940, -0.000000000, -0.000000250),
        ["fov"] = 60
    },
    {
        ["cframe"] = CFrame.new(49393.222656250, 0.037223577, 2.198041677, -0.000000250, 0.000000000, 0.999999940, -0.000000000, 0.999999821, -0.000000000, -0.999999940, -0.000000000, -0.000000250),
        ["fov"] = 60
    },
    {
        ["cframe"] = CFrame.new(49393.222656250, 0.037223577, 2.179519176, -0.000000250, 0.000000000, 0.999999940, -0.000000000, 0.999999821, -0.000000000, -0.999999940, -0.000000000, -0.000000250),
        ["fov"] = 60
    },
    {
        ["cframe"] = CFrame.new(49393.222656250, 0.037223577, 2.164083242, -0.000000250, 0.000000000, 0.999999940, -0.000000000, 0.999999821, -0.000000000, -0.999999940, -0.000000000, -0.000000250),
        ["fov"] = 60
    },
    {
        ["cframe"] = CFrame.new(49393.222656250, 0.037223577, 2.148647547, -0.000000250, 0.000000000, 0.999999940, -0.000000000, 0.999999821, -0.000000000, -0.999999940, -0.000000000, -0.000000250),
        ["fov"] = 60
    },
    {
        ["cframe"] = CFrame.new(49393.222656250, 0.037223577, 2.133212090, -0.000000250, 0.000000000, 0.999999940, -0.000000000, 0.999999821, -0.000000000, -0.999999940, -0.000000000, -0.000000250),
        ["fov"] = 60
    },
    {
        ["cframe"] = CFrame.new(49393.222656250, 0.037223577, 2.114689112, -0.000000250, 0.000000000, 0.999999940, -0.000000000, 0.999999821, -0.000000000, -0.999999940, -0.000000000, -0.000000250),
        ["fov"] = 60
    },
    {
        ["cframe"] = CFrame.new(49393.222656250, 0.037223577, 2.099253416, -0.000000250, 0.000000000, 0.999999940, -0.000000000, 0.999999821, -0.000000000, -0.999999940, -0.000000000, -0.000000250),
        ["fov"] = 60
    },
    {
        ["cframe"] = CFrame.new(49393.222656250, 0.037223577, 2.083817720, -0.000000250, 0.000000000, 0.999999940, -0.000000000, 0.999999821, -0.000000000, -0.999999940, -0.000000000, -0.000000250),
        ["fov"] = 60
    },
    {
        ["cframe"] = CFrame.new(49393.222656250, 0.037223577, 2.065294743, -0.000000250, 0.000000000, 0.999999940, -0.000000000, 0.999999821, -0.000000000, -0.999999940, -0.000000000, -0.000000250),
        ["fov"] = 60
    },
    {
        ["cframe"] = CFrame.new(49393.222656250, 0.037223577, 2.046771765, -0.000000250, 0.000000000, 0.999999940, -0.000000000, 0.999999821, -0.000000000, -0.999999940, -0.000000000, -0.000000250),
        ["fov"] = 60
    },
    {
        ["cframe"] = CFrame.new(49393.222656250, 0.037223577, 2.028249264, -0.000000250, 0.000000000, 0.999999940, -0.000000000, 0.999999821, -0.000000000, -0.999999940, -0.000000000, -0.000000250),
        ["fov"] = 60
    },
    {
        ["cframe"] = CFrame.new(49393.222656250, 0.037223577, 2.009726524, -0.000000250, 0.000000000, 0.999999940, -0.000000000, 0.999999821, -0.000000000, -0.999999940, -0.000000000, -0.000000250),
        ["fov"] = 60
    },
    {
        ["cframe"] = CFrame.new(49393.222656250, 0.037223577, 1.988116384, -0.000000250, 0.000000000, 0.999999940, -0.000000000, 0.999999821, -0.000000000, -0.999999940, -0.000000000, -0.000000250),
        ["fov"] = 60
    },
    {
        ["cframe"] = CFrame.new(49393.222656250, 0.037223577, 1.969593763, -0.000000250, 0.000000000, 0.999999940, -0.000000000, 0.999999821, -0.000000000, -0.999999940, -0.000000000, -0.000000250),
        ["fov"] = 60
    },
    {
        ["cframe"] = CFrame.new(49393.222656250, 0.037223577, 1.951070905, -0.000000250, 0.000000000, 0.999999940, -0.000000000, 0.999999821, -0.000000000, -0.999999940, -0.000000000, -0.000000250),
        ["fov"] = 60
    },
    {
        ["cframe"] = CFrame.new(49393.222656250, 0.037223577, 1.932548046, -0.000000250, 0.000000000, 0.999999940, -0.000000000, 0.999999821, -0.000000000, -0.999999940, -0.000000000, -0.000000250),
        ["fov"] = 60
    },
    {
        ["cframe"] = CFrame.new(49393.222656250, 0.037223577, 1.914025187, -0.000000250, 0.000000000, 0.999999940, -0.000000000, 0.999999821, -0.000000000, -0.999999940, -0.000000000, -0.000000250),
        ["fov"] = 60
    },
    {
        ["cframe"] = CFrame.new(49393.222656250, 0.037223577, 1.895502567, -0.000000250, 0.000000000, 0.999999940, -0.000000000, 0.999999821, -0.000000000, -0.999999940, -0.000000000, -0.000000250),
        ["fov"] = 60
    },
    {
        ["cframe"] = CFrame.new(49393.222656250, 0.037223577, 1.873892665, -0.000000250, 0.000000000, 0.999999940, -0.000000000, 0.999999821, -0.000000000, -0.999999940, -0.000000000, -0.000000250),
        ["fov"] = 60
    },
    {
        ["cframe"] = CFrame.new(49393.222656250, 0.037223577, 1.858456731, -0.000000250, 0.000000000, 0.999999940, -0.000000000, 0.999999821, -0.000000000, -0.999999940, -0.000000000, -0.000000250),
        ["fov"] = 60
    },
    {
        ["cframe"] = CFrame.new(49393.222656250, 0.037223577, 1.833759785, -0.000000250, 0.000000000, 0.999999940, -0.000000000, 0.999999821, -0.000000000, -0.999999940, -0.000000000, -0.000000250),
        ["fov"] = 60
    },
    {
        ["cframe"] = CFrame.new(49393.222656250, 0.037223577, 1.815236926, -0.000000250, 0.000000000, 0.999999940, -0.000000000, 0.999999821, -0.000000000, -0.999999940, -0.000000000, -0.000000250),
        ["fov"] = 60
    },
    {
        ["cframe"] = CFrame.new(49393.222656250, 0.037223577, 1.796714306, -0.000000250, 0.000000000, 0.999999940, -0.000000000, 0.999999821, -0.000000000, -0.999999940, -0.000000000, -0.000000250),
        ["fov"] = 60
    },
    {
        ["cframe"] = CFrame.new(49393.222656250, 0.037223577, 1.781278729, -0.000000250, 0.000000000, 0.999999940, -0.000000000, 0.999999821, -0.000000000, -0.999999940, -0.000000000, -0.000000250),
        ["fov"] = 60
    },
    {
        ["cframe"] = CFrame.new(49393.222656250, 0.037223577, 1.756581664, -0.000000250, 0.000000000, 0.999999940, -0.000000000, 0.999999821, -0.000000000, -0.999999940, -0.000000000, -0.000000250),
        ["fov"] = 60
    },
    {
        ["cframe"] = CFrame.new(49393.222656250, 0.037223577, 1.738058925, -0.000000250, 0.000000000, 0.999999940, -0.000000000, 0.999999821, -0.000000000, -0.999999940, -0.000000000, -0.000000250),
        ["fov"] = 60
    },
    {
        ["cframe"] = CFrame.new(49393.222656250, 0.037223577, 1.713361859, -0.000000250, 0.000000000, 0.999999940, -0.000000000, 0.999999821, -0.000000000, -0.999999940, -0.000000000, -0.000000250),
        ["fov"] = 60
    },
    {
        ["cframe"] = CFrame.new(49393.222656250, 0.037223577, 1.694839001, -0.000000250, 0.000000000, 0.999999940, -0.000000000, 0.999999821, -0.000000000, -0.999999940, -0.000000000, -0.000000250),
        ["fov"] = 60
    },
    {
        ["cframe"] = CFrame.new(49393.222656250, 0.037223577, 1.670142055, -0.000000250, 0.000000000, 0.999999940, -0.000000000, 0.999999821, -0.000000000, -0.999999940, -0.000000000, -0.000000250),
        ["fov"] = 60
    },
    {
        ["cframe"] = CFrame.new(49393.222656250, 0.037223577, 1.645445108, -0.000000250, 0.000000000, 0.999999940, -0.000000000, 0.999999821, -0.000000000, -0.999999940, -0.000000000, -0.000000250),
        ["fov"] = 60
    },
    {
        ["cframe"] = CFrame.new(49393.222656250, 0.037223577, 1.623835087, -0.000000250, 0.000000000, 0.999999940, -0.000000000, 0.999999821, -0.000000000, -0.999999940, -0.000000000, -0.000000250),
        ["fov"] = 60
    },
    {
        ["cframe"] = CFrame.new(49393.222656250, 0.037223577, 1.605312586, -0.000000250, 0.000000000, 0.999999940, -0.000000000, 0.999999821, -0.000000000, -0.999999940, -0.000000000, -0.000000250),
        ["fov"] = 60
    },
    {
        ["cframe"] = CFrame.new(49393.222656250, 0.037223577, 1.586789608, -0.000000250, 0.000000000, 0.999999940, -0.000000000, 0.999999821, -0.000000000, -0.999999940, -0.000000000, -0.000000250),
        ["fov"] = 60
    },
    {
        ["cframe"] = CFrame.new(49393.222656250, 0.037223577, 1.565179825, -0.000000250, 0.000000000, 0.999999940, -0.000000000, 0.999999821, -0.000000000, -0.999999940, -0.000000000, -0.000000250),
        ["fov"] = 60
    },
    {
        ["cframe"] = CFrame.new(49393.222656250, 0.037223577, 1.546657085, -0.000000250, 0.000000000, 0.999999940, -0.000000000, 0.999999821, -0.000000000, -0.999999940, -0.000000000, -0.000000250),
        ["fov"] = 60
    },
    {
        ["cframe"] = CFrame.new(49393.222656250, 0.037223577, 1.525047302, -0.000000250, 0.000000000, 0.999999940, -0.000000000, 0.999999821, -0.000000000, -0.999999940, -0.000000000, -0.000000250),
        ["fov"] = 60
    },
    {
        ["cframe"] = CFrame.new(49393.222656250, 0.037223577, 1.503437161, -0.000000250, 0.000000000, 0.999999940, -0.000000000, 0.999999821, -0.000000000, -0.999999940, -0.000000000, -0.000000250),
        ["fov"] = 60
    },
    {
        ["cframe"] = CFrame.new(49393.222656250, 0.037223577, 1.481827378, -0.000000250, 0.000000000, 0.999999940, -0.000000000, 0.999999821, -0.000000000, -0.999999940, -0.000000000, -0.000000250),
        ["fov"] = 60
    },
    {
        ["cframe"] = CFrame.new(49393.222656250, 0.037223577, 1.460217476, -0.000000250, 0.000000000, 0.999999940, -0.000000000, 0.999999821, -0.000000000, -0.999999940, -0.000000000, -0.000000250),
        ["fov"] = 60
    },
    {
        ["cframe"] = CFrame.new(49393.222656250, 0.037223577, 1.438607454, -0.000000250, 0.000000000, 0.999999940, -0.000000000, 0.999999821, -0.000000000, -0.999999940, -0.000000000, -0.000000250),
        ["fov"] = 60
    },
    {
        ["cframe"] = CFrame.new(49393.222656250, 0.037223577, 1.416997910, -0.000000250, 0.000000000, 0.999999940, -0.000000000, 0.999999821, -0.000000000, -0.999999940, -0.000000000, -0.000000250),
        ["fov"] = 60
    },
    {
        ["cframe"] = CFrame.new(49393.222656250, 0.037223577, 1.392300844, -0.000000250, 0.000000000, 0.999999940, -0.000000000, 0.999999821, -0.000000000, -0.999999940, -0.000000000, -0.000000250),
        ["fov"] = 60
    },
    {
        ["cframe"] = CFrame.new(49393.222656250, 0.037223577, 1.370690942, -0.000000250, 0.000000000, 0.999999940, -0.000000000, 0.999999821, -0.000000000, -0.999999940, -0.000000000, -0.000000250),
        ["fov"] = 60
    },
    {
        ["cframe"] = CFrame.new(49393.222656250, 0.037223577, 1.349080920, -0.000000250, 0.000000000, 0.999999940, -0.000000000, 0.999999821, -0.000000000, -0.999999940, -0.000000000, -0.000000250),
        ["fov"] = 60
    },
    {
        ["cframe"] = CFrame.new(49393.222656250, 0.037223577, 1.327471137, -0.000000250, 0.000000000, 0.999999940, -0.000000000, 0.999999821, -0.000000000, -0.999999940, -0.000000000, -0.000000250),
        ["fov"] = 60
    },
    {
        ["cframe"] = CFrame.new(49393.222656250, 0.037223577, 1.305861235, -0.000000250, 0.000000000, 0.999999940, -0.000000000, 0.999999821, -0.000000000, -0.999999940, -0.000000000, -0.000000250),
        ["fov"] = 60
    },
    {
        ["cframe"] = CFrame.new(49393.222656250, 0.037223577, 1.281164289, -0.000000250, 0.000000000, 0.999999940, -0.000000000, 0.999999821, -0.000000000, -0.999999940, -0.000000000, -0.000000250),
        ["fov"] = 60
    },
    {
        ["cframe"] = CFrame.new(49393.222656250, 0.037223577, 1.253380179, -0.000000250, 0.000000000, 0.999999940, -0.000000000, 0.999999821, -0.000000000, -0.999999940, -0.000000000, -0.000000250),
        ["fov"] = 60
    },
    {
        ["cframe"] = CFrame.new(49393.222656250, 0.037223577, 1.222509265, -0.000000250, 0.000000000, 0.999999940, -0.000000000, 0.999999821, -0.000000000, -0.999999940, -0.000000000, -0.000000250),
        ["fov"] = 60
    },
    {
        ["cframe"] = CFrame.new(49393.222656250, 0.037223577, 1.203986526, -0.000000250, 0.000000000, 0.999999940, -0.000000000, 0.999999821, -0.000000000, -0.999999940, -0.000000000, -0.000000250),
        ["fov"] = 60
    },
    {
        ["cframe"] = CFrame.new(49393.222656250, 0.037223577, 1.182376623, -0.000000250, 0.000000000, 0.999999940, -0.000000000, 0.999999821, -0.000000000, -0.999999940, -0.000000000, -0.000000250),
        ["fov"] = 60
    },
    {
        ["cframe"] = CFrame.new(49393.222656250, 0.037223577, 1.163853765, -0.000000250, 0.000000000, 0.999999940, -0.000000000, 0.999999821, -0.000000000, -0.999999940, -0.000000000, -0.000000250),
        ["fov"] = 60
    },
    {
        ["cframe"] = CFrame.new(49393.222656250, 0.037223577, 1.145330906, -0.000000250, 0.000000000, 0.999999940, -0.000000000, 0.999999821, -0.000000000, -0.999999940, -0.000000000, -0.000000250),
        ["fov"] = 60
    },
    {
        ["cframe"] = CFrame.new(49393.222656250, 0.037223577, 1.126808286, -0.000000250, 0.000000000, 0.999999940, -0.000000000, 0.999999821, -0.000000000, -0.999999940, -0.000000000, -0.000000250),
        ["fov"] = 60
    },
    {
        ["cframe"] = CFrame.new(49393.222656250, 0.037223577, 1.105198503, -0.000000250, 0.000000000, 0.999999940, -0.000000000, 0.999999821, -0.000000000, -0.999999940, -0.000000000, -0.000000250),
        ["fov"] = 60
    },
    {
        ["cframe"] = CFrame.new(49393.222656250, 0.037223577, 1.089762449, -0.000000250, 0.000000000, 0.999999940, -0.000000000, 0.999999821, -0.000000000, -0.999999940, -0.000000000, -0.000000250),
        ["fov"] = 60
    },
    {
        ["cframe"] = CFrame.new(49393.222656250, 0.037223577, 1.068152547, -0.000000250, 0.000000000, 0.999999940, -0.000000000, 0.999999821, -0.000000000, -0.999999940, -0.000000000, -0.000000250),
        ["fov"] = 60
    },
    {
        ["cframe"] = CFrame.new(49393.222656250, 0.037223577, 1.054474592, -0.000000250, 0.000000000, 0.999999940, -0.000000000, 0.999999821, -0.000000000, -0.999999940, -0.000000000, -0.000000250),
        ["fov"] = 60
    },
    {
        ["cframe"] = CFrame.new(49393.222656250, 0.037223577, 1.045158029, -0.000000250, 0.000000000, 0.999999940, -0.000000000, 0.999999821, -0.000000000, -0.999999940, -0.000000000, -0.000000250),
        ["fov"] = 60
    },
    {
        ["cframe"] = CFrame.new(49393.222656250, 0.037223577, 1.035841584, -0.000000250, 0.000000000, 0.999999940, -0.000000000, 0.999999821, -0.000000000, -0.999999940, -0.000000000, -0.000000250),
        ["fov"] = 60
    },
    {
        ["cframe"] = CFrame.new(49393.222656250, 0.037223577, 1.027855992, -0.000000250, 0.000000000, 0.999999940, -0.000000000, 0.999999821, -0.000000000, -0.999999940, -0.000000000, -0.000000250),
        ["fov"] = 60
    },
    {
        ["cframe"] = CFrame.new(49393.222656250, 0.037223577, 1.019870400, -0.000000250, 0.000000000, 0.999999940, -0.000000000, 0.999999821, -0.000000000, -0.999999940, -0.000000000, -0.000000250),
        ["fov"] = 60
    },
    {
        ["cframe"] = CFrame.new(49393.222656250, 0.037223577, 1.011884809, -0.000000250, 0.000000000, 0.999999940, -0.000000000, 0.999999821, -0.000000000, -0.999999940, -0.000000000, -0.000000250),
        ["fov"] = 60
    },
    {
        ["cframe"] = CFrame.new(49393.226562500, 0.037223577, 1.003899217, -0.000000250, 0.000000000, 0.999999940, -0.000000000, 0.999999821, -0.000000000, -0.999999940, -0.000000000, -0.000000250),
        ["fov"] = 60
    },
    {
        ["cframe"] = CFrame.new(49393.226562500, 0.037223577, 0.995913565, -0.000000250, 0.000000000, 0.999999940, -0.000000000, 0.999999821, -0.000000000, -0.999999940, -0.000000000, -0.000000250),
        ["fov"] = 60
    },
    {
        ["cframe"] = CFrame.new(49393.226562500, 0.037223577, 0.989258885, -0.000000250, 0.000000000, 0.999999940, -0.000000000, 0.999999821, -0.000000000, -0.999999940, -0.000000000, -0.000000250),
        ["fov"] = 60
    },
    {
        ["cframe"] = CFrame.new(49393.226562500, 0.037223577, 0.981273293, -0.000000250, 0.000000000, 0.999999940, -0.000000000, 0.999999821, -0.000000000, -0.999999940, -0.000000000, -0.000000250),
        ["fov"] = 60
    },
    {
        ["cframe"] = CFrame.new(49393.226562500, 0.037223577, 0.970626056, -0.000000250, 0.000000000, 0.999999940, -0.000000000, 0.999999821, -0.000000000, -0.999999940, -0.000000000, -0.000000250),
        ["fov"] = 60
    },
    {
        ["cframe"] = CFrame.new(49393.226562500, 0.037223577, 0.962640345, -0.000000250, 0.000000000, 0.999999940, -0.000000000, 0.999999821, -0.000000000, -0.999999940, -0.000000000, -0.000000250),
        ["fov"] = 60
    },
    {
        ["cframe"] = CFrame.new(49393.226562500, 0.037223577, 0.954654753, -0.000000250, 0.000000000, 0.999999940, -0.000000000, 0.999999821, -0.000000000, -0.999999940, -0.000000000, -0.000000250),
        ["fov"] = 60
    },
    {
        ["cframe"] = CFrame.new(49393.226562500, 0.037223577, 0.948000073, -0.000000250, 0.000000000, 0.999999940, -0.000000000, 0.999999821, -0.000000000, -0.999999940, -0.000000000, -0.000000250),
        ["fov"] = 60
    },
    {
        ["cframe"] = CFrame.new(49393.226562500, 0.037223577, 0.937352717, -0.000000250, 0.000000000, 0.999999940, -0.000000000, 0.999999821, -0.000000000, -0.999999940, -0.000000000, -0.000000250),
        ["fov"] = 60
    },
    {
        ["cframe"] = CFrame.new(49393.226562500, 0.037223577, 0.928036213, -0.000000250, 0.000000000, 0.999999940, -0.000000000, 0.999999821, -0.000000000, -0.999999940, -0.000000000, -0.000000250),
        ["fov"] = 60
    },
    {
        ["cframe"] = CFrame.new(49393.226562500, 0.037223577, 0.920050681, -0.000000250, 0.000000000, 0.999999940, -0.000000000, 0.999999821, -0.000000000, -0.999999940, -0.000000000, -0.000000250),
        ["fov"] = 60
    },
    {
        ["cframe"] = CFrame.new(49393.230468750, 0.037223577, 0.912064970, -0.000000250, 0.000000000, 0.999999940, -0.000000000, 0.999999821, -0.000000000, -0.999999940, -0.000000000, -0.000000250),
        ["fov"] = 60
    },
    {
        ["cframe"] = CFrame.new(49393.230468750, 0.037223577, 0.904079437, -0.000000250, 0.000000000, 0.999999940, -0.000000000, 0.999999821, -0.000000000, -0.999999940, -0.000000000, -0.000000250),
        ["fov"] = 60
    },
    {
        ["cframe"] = CFrame.new(49393.230468750, 0.037223577, 0.893432081, -0.000000250, 0.000000000, 0.999999940, -0.000000000, 0.999999821, -0.000000000, -0.999999940, -0.000000000, -0.000000250),
        ["fov"] = 60
    },
    {
        ["cframe"] = CFrame.new(49393.230468750, 0.037223577, 0.885446548, -0.000000250, 0.000000000, 0.999999940, -0.000000000, 0.999999821, -0.000000000, -0.999999940, -0.000000000, -0.000000250),
        ["fov"] = 60
    },
    {
        ["cframe"] = CFrame.new(49393.230468750, 0.037223577, 0.877460897, -0.000000250, 0.000000000, 0.999999940, -0.000000000, 0.999999821, -0.000000000, -0.999999940, -0.000000000, -0.000000250),
        ["fov"] = 60
    },
    {
        ["cframe"] = CFrame.new(49393.230468750, 0.037223577, 0.868144453, -0.000000250, 0.000000000, 0.999999940, -0.000000000, 0.999999821, -0.000000000, -0.999999940, -0.000000000, -0.000000250),
        ["fov"] = 60
    },
    {
        ["cframe"] = CFrame.new(49393.230468750, 0.037223577, 0.858828008, -0.000000250, 0.000000000, 0.999999940, -0.000000000, 0.999999821, -0.000000000, -0.999999940, -0.000000000, -0.000000250),
        ["fov"] = 60
    },
    {
        ["cframe"] = CFrame.new(49393.230468750, 0.037223577, 0.850842416, -0.000000250, 0.000000000, 0.999999940, -0.000000000, 0.999999821, -0.000000000, -0.999999940, -0.000000000, -0.000000250),
        ["fov"] = 60
    },
    {
        ["cframe"] = CFrame.new(49393.230468750, 0.037223577, 0.842856705, -0.000000250, 0.000000000, 0.999999940, -0.000000000, 0.999999821, -0.000000000, -0.999999940, -0.000000000, -0.000000250),
        ["fov"] = 60
    },
    {
        ["cframe"] = CFrame.new(49393.230468750, 0.037223577, 0.833540261, -0.000000250, 0.000000000, 0.999999940, -0.000000000, 0.999999821, -0.000000000, -0.999999940, -0.000000000, -0.000000250),
        ["fov"] = 60
    },
    {
        ["cframe"] = CFrame.new(49393.234375000, 0.037223577, 0.824223816, -0.000000250, 0.000000000, 0.999999940, -0.000000000, 0.999999821, -0.000000000, -0.999999940, -0.000000000, -0.000000250),
        ["fov"] = 60
    },
    {
        ["cframe"] = CFrame.new(49393.234375000, 0.037223577, 0.816238225, -0.000000250, 0.000000000, 0.999999940, -0.000000000, 0.999999821, -0.000000000, -0.999999940, -0.000000000, -0.000000250),
        ["fov"] = 60
    },
    {
        ["cframe"] = CFrame.new(49393.234375000, 0.037223577, 0.806921721, -0.000000250, 0.000000000, 0.999999940, -0.000000000, 0.999999821, -0.000000000, -0.999999940, -0.000000000, -0.000000250),
        ["fov"] = 60
    },
    {
        ["cframe"] = CFrame.new(49393.234375000, 0.037223577, 0.797605217, -0.000000250, 0.000000000, 0.999999940, -0.000000000, 0.999999821, -0.000000000, -0.999999940, -0.000000000, -0.000000250),
        ["fov"] = 60
    },
    {
        ["cframe"] = CFrame.new(49393.234375000, 0.037223577, 0.789619744, -0.000000250, 0.000000000, 0.999999940, -0.000000000, 0.999999821, -0.000000000, -0.999999940, -0.000000000, -0.000000250),
        ["fov"] = 60
    },
    {
        ["cframe"] = CFrame.new(49393.234375000, 0.037223577, 0.781634033, -0.000000250, 0.000000000, 0.999999940, -0.000000000, 0.999999821, -0.000000000, -0.999999940, -0.000000000, -0.000000250),
        ["fov"] = 60
    },
    {
        ["cframe"] = CFrame.new(49393.234375000, 0.037223577, 0.774979413, -0.000000250, 0.000000000, 0.999999940, -0.000000000, 0.999999821, -0.000000000, -0.999999940, -0.000000000, -0.000000250),
        ["fov"] = 60
    },
    {
        ["cframe"] = CFrame.new(49393.234375000, 0.037223577, 0.764331996, -0.000000250, 0.000000000, 0.999999940, -0.000000000, 0.999999821, -0.000000000, -0.999999940, -0.000000000, -0.000000250),
        ["fov"] = 60
    },
    {
        ["cframe"] = CFrame.new(49393.234375000, 0.037223577, 0.757677376, -0.000000250, 0.000000000, 0.999999940, -0.000000000, 0.999999821, -0.000000000, -0.999999940, -0.000000000, -0.000000250),
        ["fov"] = 60
    },
    {
        ["cframe"] = CFrame.new(49393.234375000, 0.037223577, 0.749691665, -0.000000250, 0.000000000, 0.999999940, -0.000000000, 0.999999821, -0.000000000, -0.999999940, -0.000000000, -0.000000250),
        ["fov"] = 60
    },
    {
        ["cframe"] = CFrame.new(49393.234375000, 0.037223577, 0.739044309, -0.000000250, 0.000000000, 0.999999940, -0.000000000, 0.999999821, -0.000000000, -0.999999940, -0.000000000, -0.000000250),
        ["fov"] = 60
    },
    {
        ["cframe"] = CFrame.new(49393.238281250, 0.037223577, 0.729727924, -0.000000250, 0.000000000, 0.999999940, -0.000000000, 0.999999821, -0.000000000, -0.999999940, -0.000000000, -0.000000250),
        ["fov"] = 60
    },
    {
        ["cframe"] = CFrame.new(49393.238281250, 0.037223577, 0.720411420, -0.000000250, 0.000000000, 0.999999940, -0.000000000, 0.999999821, -0.000000000, -0.999999940, -0.000000000, -0.000000250),
        ["fov"] = 60
    },
    {
        ["cframe"] = CFrame.new(49393.238281250, 0.037223577, 0.711094916, -0.000000250, 0.000000000, 0.999999940, -0.000000000, 0.999999821, -0.000000000, -0.999999940, -0.000000000, -0.000000250),
        ["fov"] = 60
    },
    {
        ["cframe"] = CFrame.new(49393.238281250, 0.037223577, 0.700447500, -0.000000250, 0.000000000, 0.999999940, -0.000000000, 0.999999821, -0.000000000, -0.999999940, -0.000000000, -0.000000250),
        ["fov"] = 60
    },
    {
        ["cframe"] = CFrame.new(49393.238281250, 0.037223577, 0.692461908, -0.000000250, 0.000000000, 0.999999940, -0.000000000, 0.999999821, -0.000000000, -0.999999940, -0.000000000, -0.000000250),
        ["fov"] = 60
    },
    {
        ["cframe"] = CFrame.new(49393.238281250, 0.037223577, 0.681814492, -0.000000250, 0.000000000, 0.999999940, -0.000000000, 0.999999821, -0.000000000, -0.999999940, -0.000000000, -0.000000250),
        ["fov"] = 60
    },
    {
        ["cframe"] = CFrame.new(49393.238281250, 0.037223577, 0.671167076, -0.000000250, 0.000000000, 0.999999940, -0.000000000, 0.999999821, -0.000000000, -0.999999940, -0.000000000, -0.000000250),
        ["fov"] = 60
    },
    {
        ["cframe"] = CFrame.new(49393.238281250, 0.037223577, 0.663181484, -0.000000250, 0.000000000, 0.999999940, -0.000000000, 0.999999821, -0.000000000, -0.999999940, -0.000000000, -0.000000250),
        ["fov"] = 60
    },
    {
        ["cframe"] = CFrame.new(49393.238281250, 0.037223577, 0.655196011, -0.000000250, 0.000000000, 0.999999940, -0.000000000, 0.999999821, -0.000000000, -0.999999940, -0.000000000, -0.000000250),
        ["fov"] = 60
    },
    {
        ["cframe"] = CFrame.new(49393.238281250, 0.037223577, 0.647210419, -0.000000250, 0.000000000, 0.999999940, -0.000000000, 0.999999821, -0.000000000, -0.999999940, -0.000000000, -0.000000250),
        ["fov"] = 60
    },
    {
        ["cframe"] = CFrame.new(49393.238281250, 0.037223577, 0.639224827, -0.000000250, 0.000000000, 0.999999940, -0.000000000, 0.999999821, -0.000000000, -0.999999940, -0.000000000, -0.000000250),
        ["fov"] = 60
    },
    {
        ["cframe"] = CFrame.new(49393.242187500, 0.037223577, 0.631239235, -0.000000250, 0.000000000, 0.999999940, -0.000000000, 0.999999821, -0.000000000, -0.999999940, -0.000000000, -0.000000250),
        ["fov"] = 60
    },
    {
        ["cframe"] = CFrame.new(49393.242187500, 0.037223577, 0.621922731, -0.000000250, 0.000000000, 0.999999940, -0.000000000, 0.999999821, -0.000000000, -0.999999940, -0.000000000, -0.000000250),
        ["fov"] = 60
    },
    {
        ["cframe"] = CFrame.new(49393.242187500, 0.037223577, 0.612606227, -0.000000250, 0.000000000, 0.999999940, -0.000000000, 0.999999821, -0.000000000, -0.999999940, -0.000000000, -0.000000250),
        ["fov"] = 60
    },
    {
        ["cframe"] = CFrame.new(49393.242187500, 0.037223577, 0.604620636, -0.000000250, 0.000000000, 0.999999940, -0.000000000, 0.999999821, -0.000000000, -0.999999940, -0.000000000, -0.000000250),
        ["fov"] = 60
    },
    {
        ["cframe"] = CFrame.new(49393.242187500, 0.037223577, 0.595304191, -0.000000250, 0.000000000, 0.999999940, -0.000000000, 0.999999821, -0.000000000, -0.999999940, -0.000000000, -0.000000250),
        ["fov"] = 60
    },
    {
        ["cframe"] = CFrame.new(49393.242187500, 0.037223577, 0.584656775, -0.000000250, 0.000000000, 0.999999940, -0.000000000, 0.999999821, -0.000000000, -0.999999940, -0.000000000, -0.000000250),
        ["fov"] = 60
    },
    {
        ["cframe"] = CFrame.new(49393.242187500, 0.037223577, 0.574009418, -0.000000250, 0.000000000, 0.999999940, -0.000000000, 0.999999821, -0.000000000, -0.999999940, -0.000000000, -0.000000250),
        ["fov"] = 60
    },
    {
        ["cframe"] = CFrame.new(49383.968750000, -2.466844559, -3.302142382, -0.999939919, -0.002938510, -0.010564194, -0.002939041, 0.999995947, 0.000034786, 0.010564047, 0.000065832, -0.999944210),
        ["fov"] = 60
    },
    {
        ["cframe"] = CFrame.new(49383.968750000, -2.464466810, -3.468531132, -0.999889791, -0.010242511, -0.010744942, -0.010248518, 0.999947309, 0.000504206, 0.010739213, 0.000614270, -0.999942124),
        ["fov"] = 60
    },
    {
        ["cframe"] = CFrame.new(49383.964843750, -2.457805157, -3.599579096, -0.999713600, -0.021149134, -0.011201992, -0.021170346, 0.999774277, 0.001778459, 0.011161850, 0.002015100, -0.999935687),
        ["fov"] = 60
    },
    {
        ["cframe"] = CFrame.new(49383.964843750, -2.443247318, -3.707922935, -0.999127746, -0.040002931, -0.011979317, -0.040059861, 0.999186933, 0.004550866, 0.011787530, 0.005026787, -0.999917924),
        ["fov"] = 60
    },
    {
        ["cframe"] = CFrame.new(49383.960937500, -2.428800583, -3.745571852, -0.998301685, -0.056937221, -0.012320383, -0.057030153, 0.998345613, 0.007327382, 0.011882800, 0.008017571, -0.999897242),
        ["fov"] = 60
    },
    {
        ["cframe"] = CFrame.new(49383.960937500, -2.417163849, -3.758585691, -0.997443616, -0.070485562, -0.011747950, -0.070600227, 0.997457743, 0.009648844, 0.011037982, 0.010453586, -0.999884427),
        ["fov"] = 60
    },
    {
        ["cframe"] = CFrame.new(49383.960937500, -2.411982536, -3.778379202, -0.996923625, -0.077772394, -0.009736190, -0.077877060, 0.996904016, 0.010877364, 0.008860085, 0.011602126, -0.999893486),
        ["fov"] = 60
    },
    {
        ["cframe"] = CFrame.new(49383.960937500, -2.414452791, -3.815488815, -0.996975243, -0.077400573, -0.007035140, -0.077473111, 0.996936738, 0.010699705, 0.006185428, 0.011212375, -0.999918044),
        ["fov"] = 60
    },
    {
        ["cframe"] = CFrame.new(49383.960937500, -2.423791647, -3.885682344, -0.997473180, -0.070977464, -0.003074937, -0.071003228, 0.997432768, 0.009291646, 0.002407546, 0.009486498, -0.999952137),
        ["fov"] = 60
    },
    {
        ["cframe"] = CFrame.new(49383.964843750, -2.438506603, -3.982649565, -0.998217165, -0.059667017, 0.001523137, -0.059655253, 0.998195350, 0.006858910, -0.001929639, 0.006755818, -0.999975324),
        ["fov"] = 60
    },
    {
        ["cframe"] = CFrame.new(49383.964843750, -2.464601517, -4.148014069, -0.999214292, -0.038743004, 0.008351629, -0.038725138, 0.999247134, 0.002290903, -0.008434099, 0.001965685, -0.999962509),
        ["fov"] = 60
    },
    {
        ["cframe"] = CFrame.new(49383.964843750, -2.489867687, -4.313004971, -0.999744833, -0.017350113, 0.014467088, -0.017388394, 0.999845743, -0.002524440, -0.014421054, -0.002775355, -0.999892175),
        ["fov"] = 60
    },
    {
        ["cframe"] = CFrame.new(49383.968750000, -2.516557693, -4.523429394, -0.999710262, 0.010040940, 0.021873800, 0.009845978, 0.999910772, -0.009002592, -0.021962250, -0.008784615, -0.999720156),
        ["fov"] = 60
    },
    {
        ["cframe"] = CFrame.new(49383.968750000, -2.529053926, -4.774678707, -0.998633623, 0.042365417, 0.030594653, 0.041845694, 0.998972118, -0.017432671, -0.031301744, -0.016128596, -0.999379814),
        ["fov"] = 60
    },
    {
        ["cframe"] = CFrame.new(49383.968750000, -2.523982048, -4.907071590, -0.997626305, 0.059165377, 0.035231330, 0.058404390, 0.998044848, -0.022251625, -0.036478974, -0.020141141, -0.999131441),
        ["fov"] = 60
    },
    {
        ["cframe"] = CFrame.new(49383.972656250, -2.511433125, -5.011113644, -0.996570945, 0.073204339, 0.038566768, 0.072237402, 0.997051179, -0.025897272, -0.040348835, -0.023022505, -0.998920381),
        ["fov"] = 60
    },
    {
        ["cframe"] = CFrame.new(49383.972656250, -2.497838259, -5.065016747, -0.995790601, 0.082743160, 0.039429352, 0.081716292, 0.996290088, -0.026982356, -0.041515686, -0.023646757, -0.998857975),
        ["fov"] = 60
    },
    {
        ["cframe"] = CFrame.new(49383.972656250, -2.487779140, -5.092473507, -0.995256901, 0.088937223, 0.039418504, 0.087911144, 0.995761156, -0.027044447, -0.041656673, -0.023450846, -0.998856723),
        ["fov"] = 60
    },
    {
        ["cframe"] = CFrame.new(49383.968750000, -2.478528500, -5.116089821, -0.994738698, 0.094560921, 0.039409924, 0.093539611, 0.995249093, -0.027003763, -0.041776199, -0.023175297, -0.998858213),
        ["fov"] = 60
    },
    {
