return {
    {
        ["cframe"] = CFrame.new(28.255901337, 11.870998383, -32.246639252, -0.689524889, -0.294404089, -0.661726356, 0.024256218, 0.903756499, -0.427359223, 0.723855734, -0.310725808, -0.616021454),
        ["fov"] = 78
    },
    {
        ["cframe"] = CFrame.new(28.255901337, 11.870998383, -32.246639252, -0.689524889, -0.294404089, -0.661726356, 0.024256218, 0.903756499, -0.427359223, 0.723855734, -0.310725808, -0.616021454),
        ["fov"] = 78
    },
    {
        ["cframe"] = CFrame.new(28.255901337, 11.870998383, -32.246639252, -0.689524889, -0.294404089, -0.661726356, 0.024256218, 0.903756499, -0.427359223, 0.723855734, -0.310725808, -0.616021454),
        ["fov"] = 78
    },
    {
        ["cframe"] = CFrame.new(28.255901337, 11.870998383, -32.246639252, -0.689524889, -0.294404089, -0.661726356, 0.024256218, 0.903756499, -0.427359223, 0.723855734, -0.310725808, -0.616021454),
        ["fov"] = 78
    },
    {
        ["cframe"] = CFrame.new(29.081085205, 11.768119812, -32.170322418, -0.852797449, -0.155479878, -0.498560458, 0.053704731, 0.923484266, -0.379858613, 0.519473076, -0.350717545, -0.779195070),
        ["fov"] = 78
    },
    {
        ["cframe"] = CFrame.new(29.093448639, 11.774115562, -32.177047729, -0.870539486, -0.112545133, -0.479055852, 0.068748012, 0.936134636, -0.344855934, 0.487272680, -0.333144873, -0.807204962),
        ["fov"] = 78
    },
    {
        ["cframe"] = CFrame.new(29.105707169, 11.780131340, -32.183422089, -0.886995077, -0.070239596, -0.456405610, 0.084623024, 0.946902335, -0.310185164, 0.453958899, -0.313755125, -0.833953857),
        ["fov"] = 78
    },
    {
        ["cframe"] = CFrame.new(29.116577148, 11.785243034, -32.188602448, -0.899687827, -0.034394477, -0.435176879, 0.099274740, 0.954649746, -0.280692667, 0.425095767, -0.295737833, -0.855472267),
        ["fov"] = 78
    },
    {
        ["cframe"] = CFrame.new(29.143920898, 11.797393799, -32.200046539, -0.925658047, 0.044445671, -0.375741690, 0.132058173, 0.968576550, -0.210760906, 0.354567170, -0.244712278, -0.902440131),
        ["fov"] = 78
    },
    {
        ["cframe"] = CFrame.new(29.154148102, 11.802017212, -32.204051971, -0.936168432, 0.058285858, -0.346686631, 0.129172117, 0.974208355, -0.185020924, 0.326960891, -0.217992991, -0.919551909),
        ["fov"] = 78
    },
    {
        ["cframe"] = CFrame.new(29.156898499, 11.803796768, -32.205413818, -0.941724300, 0.048090361, -0.332930505, 0.112205550, 0.977952361, -0.176122591, 0.317120343, -0.203215569, -0.926357508),
        ["fov"] = 78
    },
    {
        ["cframe"] = CFrame.new(29.158863068, 11.805288315, -32.206386566, -0.945476830, 0.040963683, -0.323102862, 0.100123368, 0.980574906, -0.168665707, 0.309917420, -0.191819683, -0.931212366),
        ["fov"] = 78
    },
    {
        ["cframe"] = CFrame.new(29.161220551, 11.807111740, -32.207508087, -0.949757874, 0.032257199, -0.311319053, 0.085698947, 0.983463764, -0.159545228, 0.301024526, -0.178209037, -0.936816871),
        ["fov"] = 78
    },
    {
        ["cframe"] = CFrame.new(29.163574219, 11.808973312, -32.208580017, -0.953794241, 0.023385422, -0.299549252, 0.071361288, 0.986070752, -0.150240049, 0.291863322, -0.164674312, -0.942177415),
        ["fov"] = 78
    },
    {
        ["cframe"] = CFrame.new(29.165533066, 11.810618401, -32.209445953, -0.956966877, 0.015963675, -0.289757967, 0.059482761, 0.988075852, -0.142014056, 0.284035742, -0.153138354, -0.946505368),
        ["fov"] = 78
    },
    {
        ["cframe"] = CFrame.new(29.168264389, 11.813337326, -32.210643768, -0.961111009, 0.005902645, -0.276099056, 0.042976335, 0.990788162, -0.128420427, 0.272797644, -0.135292038, -0.952511191),
        ["fov"] = 78
    },
    {
        ["cframe"] = CFrame.new(29.170539856, 11.814400673, -32.211429596, -0.964319825, 0.002604162, -0.264727414, 0.036472626, 0.991723478, -0.123102695, 0.262215763, -0.128365681, -0.956433594),
        ["fov"] = 78
    },
    {
        ["cframe"] = CFrame.new(29.173580170, 11.815840721, -32.212425232, -0.968365908, -0.001914724, -0.249526888, 0.027901800, 0.992868900, -0.115900278, 0.247969419, -0.119196147, -0.961407006),
        ["fov"] = 78
    },
    {
        ["cframe"] = CFrame.new(29.179267883, 11.817488670, -32.214000702, -0.975235641, -0.005989974, -0.221086949, 0.018301751, 0.994019032, -0.107662037, 0.220409572, -0.109042153, -0.969293296),
        ["fov"] = 78
    },
    {
        ["cframe"] = CFrame.new(29.185205460, 11.816889763, -32.215194702, -0.981512189, -0.000779059, -0.191397935, 0.020789180, 0.993641555, -0.110653967, 0.190267146, -0.112587221, -0.975255072),
        ["fov"] = 78
    },
    {
        ["cframe"] = CFrame.new(29.189764023, 11.816549301, -32.215995789, -0.985679209, -0.003083583, -0.168603346, 0.016111225, 0.993537009, -0.112359338, 0.167860135, -0.113466673, -0.979259074),
        ["fov"] = 78
    },
    {
        ["cframe"] = CFrame.new(29.191478729, 11.816426277, -32.216266632, -0.987104237, -0.003940073, -0.160030529, 0.014349643, 0.993494511, -0.112972379, 0.159434617, -0.113811888, -0.980626106),
        ["fov"] = 78
    },
    {
        ["cframe"] = CFrame.new(29.192251205, 11.816489220, -32.216400146, -0.987681210, -0.009884748, -0.156166881, 0.007868908, 0.993602633, -0.112658285, 0.156281427, -0.112499341, -0.981284916),
        ["fov"] = 78
    },
    {
        ["cframe"] = CFrame.new(29.192836761, 11.816593170, -32.216503143, -0.988044858, -0.016849587, -0.153243318, 0.000446957, 0.993692160, -0.112141386, 0.154166207, -0.110869221, -0.981804848),
        ["fov"] = 78
    },
    {
        ["cframe"] = CFrame.new(29.193325043, 11.816681862, -32.216590881, -0.988303959, -0.022654990, -0.150804475, -0.005735870, 0.993726015, -0.111694738, 0.152388781, -0.109523363, -0.982233346),
        ["fov"] = 78
    },
    {
        ["cframe"] = CFrame.new(29.193813324, 11.816774368, -32.216674805, -0.988523304, -0.028461387, -0.148363635, -0.011916464, 0.993722796, -0.111233592, 0.150598183, -0.108189024, -0.982657313),
        ["fov"] = 78
    },
    {
        ["cframe"] = CFrame.new(29.194110870, 11.816904068, -32.216735840, -0.988525808, -0.035285018, -0.146873057, -0.019038614, 0.993684292, -0.110585295, 0.149847493, -0.106520168, -0.982954383),
        ["fov"] = 78
    },
    {
        ["cframe"] = CFrame.new(29.194499969, 11.816830635, -32.216785431, -0.988565147, -0.041671835, -0.144921720, -0.025614310, 0.993495584, -0.110952139, 0.148602679, -0.105971351, -0.983202577),
        ["fov"] = 78
    },
    {
        ["cframe"] = CFrame.new(29.194984436, 11.816649437, -32.216835022, -0.988748252, -0.045479018, -0.142508656, -0.029565550, 0.993284345, -0.111857861, 0.146638826, -0.106385902, -0.983452737),
        ["fov"] = 78
    },
    {
        ["cframe"] = CFrame.new(29.195466995, 11.816470146, -32.216880798, -0.988911569, -0.049283396, -0.140089750, -0.033517227, 0.993057489, -0.112753958, 0.144674048, -0.106808275, -0.983697891),
        ["fov"] = 78
    },
    {
        ["cframe"] = CFrame.new(29.196243286, 11.816186905, -32.216960907, -0.989132106, -0.055364367, -0.136207491, -0.039840613, 0.992662311, -0.114167638, 0.141528830, -0.107500292, -0.984079957),
        ["fov"] = 78
    },
    {
        ["cframe"] = CFrame.new(29.199121475, 11.814599991, -32.217144012, -0.991043091, -0.054719206, -0.121817417, -0.039748132, 0.991721392, -0.122101486, 0.127490222, -0.116165817, -0.985013604),
        ["fov"] = 78
    },
    {
        ["cframe"] = CFrame.new(29.200464249, 11.813840866, -32.217212677, -0.991906285, -0.053593792, -0.115106612, -0.038949799, 0.991278112, -0.125898883, 0.120850056, -0.120396525, -0.985342562),
        ["fov"] = 78
    },
    {
        ["cframe"] = CFrame.new(29.201423645, 11.813298225, -32.217250824, -0.992494941, -0.052772507, -0.110312395, -0.038395550, 0.990951300, -0.128612876, 0.116101466, -0.123412132, -0.985540390),
        ["fov"] = 78
    },
    {
        ["cframe"] = CFrame.new(29.201969147, 11.812733650, -32.217235565, -0.992825866, -0.052185431, -0.107580416, -0.037826385, 0.990602672, -0.131436646, 0.113428593, -0.126424313, -0.985469937),
        ["fov"] = 78
    },
    {
        ["cframe"] = CFrame.new(29.202377319, 11.811864853, -32.217163086, -0.993077874, -0.051542506, -0.105545484, -0.036954422, 0.990049481, -0.135780483, 0.111493722, -0.130940214, -0.985100925),
        ["fov"] = 78
    },
    {
        ["cframe"] = CFrame.new(29.202701569, 11.811169624, -32.217102051, -0.993276358, -0.051021621, -0.103917614, -0.036263455, 0.989592433, -0.139254227, 0.109941050, -0.134549513, -0.984789014),
        ["fov"] = 78
    },
    {
        ["cframe"] = CFrame.new(29.203027725, 11.810475349, -32.217037201, -0.993472219, -0.050494868, -0.102289997, -0.035578355, 0.989122510, -0.142726660, 0.108384274, -0.138155669, -0.984462202),
        ["fov"] = 78
    },
    {
        ["cframe"] = CFrame.new(29.203433990, 11.809607506, -32.216949463, -0.993713260, -0.049828231, -0.100255325, -0.034730300, 0.988516808, -0.147065401, 0.106432110, -0.142658949, -0.984032810),
        ["fov"] = 78
    },
    {
        ["cframe"] = CFrame.new(29.203815460, 11.808703423, -32.216850281, -0.993924975, -0.049404226, -0.098348379, -0.034103099, 0.987855434, -0.151586860, 0.104642957, -0.147311985, -0.983539045),
        ["fov"] = 78
    },
    {
        ["cframe"] = CFrame.new(29.204153061, 11.807441711, -32.216686249, -0.994055688, -0.050092790, -0.096664719, -0.034375988, 0.986857474, -0.157894269, 0.103303634, -0.153632745, -0.982713223),
        ["fov"] = 78
    },
    {
        ["cframe"] = CFrame.new(29.204378128, 11.806601524, -32.216571808, -0.994141757, -0.050545633, -0.095536917, -0.034563020, 0.986169696, -0.162094727, 0.102408811, -0.157843083, -0.982139528),
        ["fov"] = 78
    },
    {
        ["cframe"] = CFrame.new(29.204715729, 11.805342674, -32.216392517, -0.994268537, -0.051216129, -0.093845606, -0.034850247, 0.985104084, -0.168390498, 0.101072013, -0.164154828, -0.981242955),
        ["fov"] = 78
    },
    {
        ["cframe"] = CFrame.new(29.205055237, 11.804084778, -32.216205597, -0.994393289, -0.051875468, -0.092146747, -0.035146415, 0.983998120, -0.174678013, 0.099733762, -0.170460001, -0.980304360),
        ["fov"] = 78
    },
    {
        ["cframe"] = CFrame.new(29.205392838, 11.803112030, -32.216060638, -0.994411230, -0.054432988, -0.090461805, -0.037477337, 0.983036160, -0.179542109, 0.098700263, -0.175148427, -0.979582250),
        ["fov"] = 78
    },
    {
        ["cframe"] = CFrame.new(29.205865860, 11.801842690, -32.215866089, -0.994392276, -0.058500335, -0.088100575, -0.041284449, 0.981702805, -0.185889885, 0.097363219, -0.181210279, -0.978612840),
        ["fov"] = 78
    },
    {
        ["cframe"] = CFrame.new(29.206344604, 11.800577164, -32.215663910, -0.994355023, -0.062550113, -0.085706495, -0.045098901, 0.980315089, -0.192219883, 0.096042745, -0.187269554, -0.977602124),
        ["fov"] = 78
    },
    {
        ["cframe"] = CFrame.new(29.206829071, 11.799314499, -32.215454102, -0.994299471, -0.066582017, -0.083279751, -0.048920512, 0.978872776, -0.198531702, 0.094738968, -0.193325877, -0.976549923),
        ["fov"] = 78
    },
    {
        ["cframe"] = CFrame.new(29.207420349, 11.797803879, -32.215190887, -0.994208515, -0.071396299, -0.080324471, -0.053515736, 0.977070332, -0.206081450, 0.093196116, -0.200589314, -0.975232542),
        ["fov"] = 78
    },
    {
        ["cframe"] = CFrame.new(29.208383560, 11.796117783, -32.214904785, -0.993903399, -0.080341272, -0.075507581, -0.062493734, 0.974719465, -0.214514539, 0.090833060, -0.208487973, -0.973797739),
        ["fov"] = 78
    },
    {
        ["cframe"] = CFrame.new(29.209037781, 11.795000076, -32.214702606, -0.993648648, -0.086274900, -0.072243549, -0.068485446, 0.973069668, -0.220102772, 0.089287311, -0.213757172, -0.972797871),
        ["fov"] = 78
    },
    {
        ["cframe"] = CFrame.new(29.209697723, 11.793888092, -32.214496613, -0.993352771, -0.092184111, -0.068937451, -0.074481837, 0.971353948, -0.225663334, 0.087765194, -0.219028711, -0.971763194),
        ["fov"] = 78
    },
    {
        ["cframe"] = CFrame.new(29.210536957, 11.792505264, -32.214229584, -0.992925286, -0.099535659, -0.064746253, -0.081983387, 0.969117045, -0.232574552, 0.085896157, -0.225621030, -0.970421076),
        ["fov"] = 78
    },
    {
        ["cframe"] = CFrame.new(29.211719513, 11.790925980, -32.213916779, -0.992446303, -0.107653670, -0.058830589, -0.090575874, 0.966421008, -0.240471333, 0.082742766, -0.233326256, -0.968871772),
        ["fov"] = 78
    },
    {
        ["cframe"] = CFrame.new(29.212717056, 11.790310860, -32.213821411, -0.992465556, -0.110059381, -0.053843148, -0.093838073, 0.965338290, -0.243549570, 0.078781806, -0.236662030, -0.968392789),
        ["fov"] = 78
    },
    {
        ["cframe"] = CFrame.new(29.213382721, 11.789902687, -32.213756561, -0.992462814, -0.111652173, -0.050512727, -0.096018657, 0.964606524, -0.245590508, 0.076145642, -0.238889262, -0.968056798),
        ["fov"] = 78
    },
    {
        ["cframe"] = CFrame.new(29.214208603, 11.789453506, -32.213684082, -0.992488146, -0.113205232, -0.046389416, -0.098348916, 0.963797867, -0.247832999, 0.072766006, -0.241408974, -0.967691541),
        ["fov"] = 78
    },
    {
        ["cframe"] = CFrame.new(29.214996338, 11.789243698, -32.213665009, -0.992682397, -0.113047354, -0.042448040, -0.099076167, 0.963452578, -0.248883396, 0.069032304, -0.242856607, -0.967602789),
        ["fov"] = 78
    },
    {
        ["cframe"] = CFrame.new(29.215785980, 11.789034843, -32.213642120, -0.992861807, -0.112883791, -0.038506206, -0.099807642, 0.963106036, -0.249930561, 0.065298654, -0.244303316, -0.967497826),
        ["fov"] = 78
    },
    {
        ["cframe"] = CFrame.new(29.216178894, 11.789187431, -32.213699341, -0.993325114, -0.109407440, -0.036542390, -0.096966319, 0.963593483, -0.249168873, 0.062472869, -0.243962303, -0.967770457),
        ["fov"] = 78
    },
    {
        ["cframe"] = CFrame.new(29.216571808, 11.789508820, -32.213794708, -0.994010866, -0.103669353, -0.034571432, -0.091981106, 0.964496553, -0.247559845, 0.059008442, -0.242897257, -0.968255639),
        ["fov"] = 78
    },
    {
        ["cframe"] = CFrame.new(29.216888428, 11.789764404, -32.213871002, -0.994532764, -0.099079110, -0.032984115, -0.087988488, 0.965196252, -0.246280581, 0.056237400, -0.242031872, -0.968637168),
        ["fov"] = 78
    },
    {
        ["cframe"] = CFrame.new(29.217288971, 11.790082932, -32.213966370, -0.995151818, -0.093341790, -0.030986782, -0.082992323, 0.966042638, -0.244691491, 0.052774455, -0.240933523, -0.969105721),
        ["fov"] = 78
    },
    {
        ["cframe"] = CFrame.new(29.217609406, 11.790334702, -32.214038849, -0.995620430, -0.088752501, -0.029378576, -0.078991145, 0.966696978, -0.243428260, 0.050005000, -0.240041479, -0.969473898),
        ["fov"] = 78
    },
    {
        ["cframe"] = CFrame.new(29.217826843, 11.789942741, -32.213947296, -0.995948017, -0.085364453, -0.028291371, -0.075865597, 0.966451406, -0.245389819, 0.048289821, -0.242249176, -0.969011605),
        ["fov"] = 78
    },
    {
        ["cframe"] = CFrame.new(29.217794418, 11.789169312, -32.213748932, -0.995937228, -0.085436359, -0.028456258, -0.075701132, 0.965473652, -0.249258652, 0.048769515, -0.246091798, -0.968018830),
        ["fov"] = 78
    },
    {
        ["cframe"] = CFrame.new(29.217761993, 11.788395882, -32.213546753, -0.995926321, -0.085508838, -0.028618626, -0.075535282, 0.964480519, -0.253123641, 0.049246389, -0.249930784, -0.967010558),
        ["fov"] = 78
    },
    {
        ["cframe"] = CFrame.new(29.217721939, 11.787430763, -32.213287354, -0.995912731, -0.085600242, -0.028817903, -0.075325973, 0.963217616, -0.257949352, 0.049838442, -0.254724294, -0.965728641),
        ["fov"] = 78
    },
    {
        ["cframe"] = CFrame.new(29.217691422, 11.786659241, -32.213081360, -0.995901823, -0.085673995, -0.028974572, -0.075156957, 0.962189913, -0.261805385, 0.050308924, -0.258554816, -0.964685678),
        ["fov"] = 78
    },
    {
        ["cframe"] = CFrame.new(29.217660904, 11.785888672, -32.212867737, -0.995891035, -0.085748270, -0.029128512, -0.074986555, 0.961146832, -0.265657336, 0.050776429, -0.262381464, -0.963627398),
        ["fov"] = 78
    },
    {
        ["cframe"] = CFrame.new(29.217342377, 11.786411285, -32.213001251, -0.996379852, -0.079269961, -0.030716266, -0.068453446, 0.962351024, -0.263048559, 0.050411709, -0.259993643, -0.964293540),
        ["fov"] = 78
    },
    {
        ["cframe"] = CFrame.new(29.217029572, 11.786934853, -32.213134766, -0.996825337, -0.072782218, -0.032280084, -0.061915964, 0.963505685, -0.260428756, 0.050056688, -0.257603317, -0.964953303),
        ["fov"] = 78
    },
    {
        ["cframe"] = CFrame.new(29.216783524, 11.787507057, -32.213279724, -0.997163117, -0.067399770, -0.033513382, -0.056542572, 0.964604497, -0.257567674, 0.049687117, -0.254942060, -0.965678930),
        ["fov"] = 78
    },
    {
        ["cframe"] = CFrame.new(29.216541290, 11.788232803, -32.213462830, -0.997482836, -0.061824072, -0.034722704, -0.051025141, 0.965873003, -0.253940254, 0.049237363, -0.251529336, -0.966596425),
        ["fov"] = 78
    },
    {
        ["cframe"] = CFrame.new(29.216245651, 11.789142609, -32.213687897, -0.997838616, -0.054843310, -0.036196545, -0.044123441, 0.967396617, -0.249392986, 0.048694003, -0.247256845, -0.967725635),
        ["fov"] = 78
    },
    {
        ["cframe"] = CFrame.new(29.216016769, 11.789872169, -32.213867188, -0.998088062, -0.049250189, -0.037345618, -0.038598344, 0.968565762, -0.245744884, 0.048274651, -0.243833557, -0.968614936),
        ["fov"] = 78
    },
    {
        ["cframe"] = CFrame.new(29.215736389, 11.790786743, -32.214084625, -0.998355687, -0.042248551, -0.038743757, -0.031687792, 0.969964802, -0.241172507, 0.047769193, -0.239548236, -0.969708622),
        ["fov"] = 78
    },
    {
        ["cframe"] = CFrame.new(29.215465546, 11.791779518, -32.214317322, -0.998577833, -0.035142001, -0.040093821, -0.024701308, 0.971389174, -0.236205518, 0.047247447, -0.234879196, -0.970875680),
        ["fov"] = 78
    },
    {
        ["cframe"] = CFrame.new(29.214923859, 11.794648170, -32.214969635, -0.998909473, -0.018635835, -0.042809345, -0.008682244, 0.975038767, -0.221865028, 0.045875371, -0.221251398, -0.974137247),
        ["fov"] = 78
    },
    {
        ["cframe"] = CFrame.new(29.214780807, 11.795277596, -32.215106964, -0.998925447, -0.015935162, -0.043520074, -0.006036952, 0.975769520, -0.218717396, 0.045950796, -0.218219638, -0.974817216),
        ["fov"] = 78
    },
    {
        ["cframe"] = CFrame.new(29.214595795, 11.796117783, -32.215286255, -0.998935401, -0.012329679, -0.044450674, -0.002509981, 0.976717591, -0.214514375, 0.046060640, -0.214174464, -0.975708783),
        ["fov"] = 78
    },
    {
        ["cframe"] = CFrame.new(29.214412689, 11.796959877, -32.215457916, -0.998932600, -0.008719043, -0.045361906, 0.001016840, 0.977635384, -0.210304424, 0.046181016, -0.210126072, -0.976582944),
        ["fov"] = 78
    },
    {
        ["cframe"] = CFrame.new(29.214279175, 11.797592163, -32.215587616, -0.998921871, -0.006007752, -0.046032444, 0.003661811, 0.978303909, -0.207142457, 0.046278179, -0.207087696, -0.977227211),
        ["fov"] = 78
    },
    {
        ["cframe"] = CFrame.new(29.214145660, 11.798225403, -32.215713501, -0.998903871, -0.003293695, -0.046692058, 0.006306618, 0.978955388, -0.203976750, 0.046381302, -0.204047635, -0.977861583),
        ["fov"] = 78
    },
    {
        ["cframe"] = CFrame.new(29.213973999, 11.799070358, -32.215881348, -0.998868585, 0.000329194, -0.047554400, 0.009832650, 0.979797602, -0.199750125, 0.046527948, -0.199991733, -0.978692174),
        ["fov"] = 78
    },
    {
        ["cframe"] = CFrame.new(29.213756561, 11.800024033, -32.216064453, -0.998809874, 0.003657410, -0.048634749, 0.013085358, 0.980719447, -0.194982156, 0.046983879, -0.195386544, -0.979600191),
        ["fov"] = 78
    },
    {
        ["cframe"] = CFrame.new(29.213581085, 11.800662041, -32.216178894, -0.998761058, 0.004875752, -0.049523581, 0.014300667, 0.981331348, -0.191792205, 0.047663875, -0.192262799, -0.980185270),
        ["fov"] = 78
    },
    {
        ["cframe"] = CFrame.new(29.213403702, 11.801301003, -32.216293335, -0.998710155, 0.006097343, -0.050406814, 0.015513852, 0.981931686, -0.188598931, 0.048346046, -0.189137682, -0.980759680),
        ["fov"] = 78
    },
    {
        ["cframe"] = CFrame.new(29.213228226, 11.801939964, -32.216407776, -0.998657227, 0.007322147, -0.051284611, 0.016724899, 0.982520342, -0.185402423, 0.049030565, -0.186011195, -0.981323481),
        ["fov"] = 78
    },
    {
        ["cframe"] = CFrame.new(29.213029861, 11.802431107, -32.216487885, -0.998602808, 0.007751956, -0.052272428, 0.017207228, 0.982971668, -0.182949692, 0.049964134, -0.183593541, -0.981731653),
        ["fov"] = 78
    },
    {
        ["cframe"] = CFrame.new(29.212810516, 11.802772522, -32.216541290, -0.998547196, 0.007385815, -0.053374525, 0.016960792, 0.983292103, -0.181242868, 0.051144060, -0.181884840, -0.981988847),
        ["fov"] = 78
    },
    {
        ["cframe"] = CFrame.new(29.212589264, 11.803113937, -32.216590881, -0.998490453, 0.007021546, -0.054476846, 0.016712230, 0.983609557, -0.179535598, 0.052323312, -0.180174991, -0.982241988),
        ["fov"] = 78
    },
    {
        ["cframe"] = CFrame.new(29.212245941, 11.803590775, -32.216659546, -0.998388767, 0.007888161, -0.056192588, 0.017745253, 0.984023929, -0.177149922, 0.053897493, -0.177861631, -0.982578456),
        ["fov"] = 78
    },
    {
        ["cframe"] = CFrame.new(29.211782455, 11.804204941, -32.216739655, -0.998236597, 0.009990148, -0.058515180, 0.020057302, 0.984527171, -0.174080536, 0.055870712, -0.174947217, -0.982991338),
        ["fov"] = 78
    },
    {
        ["cframe"] = CFrame.new(29.211318970, 11.804820061, -32.216819763, -0.998074830, 0.012099967, -0.060829408, 0.022363763, 0.985016584, -0.171003595, 0.057848785, -0.172034755, -0.983390808),
        ["fov"] = 78
    },
    {
        ["cframe"] = CFrame.new(29.210859299, 11.805437088, -32.216899872, -0.997903824, 0.014217555, -0.063134938, 0.024664581, 0.985492170, -0.167919278, 0.059831586, -0.169124469, -0.983776987),
        ["fov"] = 78
    },
    {
        ["cframe"] = CFrame.new(29.210170746, 11.806365013, -32.217010498, -0.997629344, 0.017408449, -0.066577569, 0.028105184, 0.986179590, -0.163278818, 0.062815011, -0.164762929, -0.984331012),
        ["fov"] = 78
    },
    {
        ["cframe"] = CFrame.new(29.209590912, 11.807276726, -32.217117310, -0.997356594, 0.021299871, -0.069469638, 0.032129794, 0.986800909, -0.158718541, 0.065172076, -0.160531044, -0.984876812),
        ["fov"] = 78
    },
    {
        ["cframe"] = CFrame.new(29.209159851, 11.807963371, -32.217197418, -0.997137547, 0.024227913, -0.071623735, 0.035141774, 0.987244010, -0.155288115, 0.066947803, -0.157360598, -0.985269427),
        ["fov"] = 78
    },
    {
        ["cframe"] = CFrame.new(29.208448410, 11.809110641, -32.217323303, -0.996744156, 0.029125568, -0.075185418, 0.040149100, 0.987938404, -0.149551541, 0.069922790, -0.152083248, -0.985891223),
        ["fov"] = 78
    },
    {
        ["cframe"] = CFrame.new(29.207469940, 11.810707092, -32.217689514, -0.996238828, 0.035284773, -0.079139881, 0.046266709, 0.988851011, -0.141538262, 0.073263362, -0.144667462, -0.986764312),
        ["fov"] = 78
    },
    {
        ["cframe"] = CFrame.new(29.206504822, 11.812311172, -32.218044281, -0.995683432, 0.041477516, -0.083031341, 0.052358780, 0.989666045, -0.133490354, 0.076636426, -0.137261555, -0.987565815),
        ["fov"] = 78
    },
    {
        ["cframe"] = CFrame.new(29.205551147, 11.813922882, -32.218383789, -0.995077908, 0.047702923, -0.086859286, 0.058424693, 0.990383387, -0.125408918, 0.080041610, -0.129866362, -0.988295615),
        ["fov"] = 78
    },
    {
        ["cframe"] = CFrame.new(29.204378128, 11.815944672, -32.218788147, -0.994250655, 0.055529386, -0.091554247, 0.065969467, 0.991142154, -0.115261465, 0.084342845, -0.120638572, -0.989106953),
        ["fov"] = 78
    },
    {
        ["cframe"] = CFrame.new(29.203681946, 11.817163467, -32.219020844, -0.993716955, 0.060248479, -0.094322942, 0.070475884, 0.991523862, -0.109149322, 0.086947329, -0.115111023, -0.989540100),
        ["fov"] = 78
    },
    {
        ["cframe"] = CFrame.new(29.202768326, 11.818793297, -32.219318390, -0.992961884, 0.066566944, -0.097957596, 0.076460101, 0.991946697, -0.100973189, 0.090447247, -0.107752375, -0.990054965),
        ["fov"] = 78
    },
    {
        ["cframe"] = CFrame.new(29.201391220, 11.820949554, -32.219921112, -0.992009342, 0.073571041, -0.102493353, 0.082916848, 0.992473006, -0.090122901, 0.095091514, -0.097901188, -0.990642786),
        ["fov"] = 78
    },
    {
        ["cframe"] = CFrame.new(29.201391220, 11.820949554, -32.219921112, -0.992009342, 0.073571041, -0.102493353, 0.082916848, 0.992473006, -0.090122901, 0.095091514, -0.097901188, -0.990642786),
        ["fov"] = 78
    },
    {
        ["cframe"] = CFrame.new(29.198684692, 11.823671341, -32.221973419, -0.991489053, 0.074442409, -0.106806830, 0.082817629, 0.993643701, -0.076245509, 0.100452051, -0.084442087, -0.991352081),
        ["fov"] = 78
    },
    {
        ["cframe"] = CFrame.new(29.196788788, 11.825096130, -32.223659515, -0.991554856, 0.071099132, -0.108461559, 0.078847110, 0.994502842, -0.068899482, 0.102966681, -0.076869503, -0.991710067),
        ["fov"] = 78
    },
    {
        ["cframe"] = CFrame.new(29.194890976, 11.826519012, -32.225337982, -0.991603971, 0.067767516, -0.110132359, 0.074856162, 0.995292664, -0.061554596, 0.105442487, -0.069281869, -0.992008984),
        ["fov"] = 78
    },
    {
        ["cframe"] = CFrame.new(29.193370819, 11.827657700, -32.226673126, -0.991631389, 0.065110750, -0.111480311, 0.071648948, 0.995874584, -0.055679858, 0.107395008, -0.063201338, -0.992205560),
        ["fov"] = 78
    },
    {
        ["cframe"] = CFrame.new(29.191848755, 11.828796387, -32.227996826, -0.991648197, 0.062461633, -0.112838283, 0.068429098, 0.996411979, -0.049806431, 0.109322339, -0.057111874, -0.992364287),
        ["fov"] = 78
    },
    {
        ["cframe"] = CFrame.new(29.189975739, 11.829572678, -32.230068207, -0.992096424, 0.055721834, -0.112426177, 0.061174102, 0.997082949, -0.045641683, 0.109554954, -0.052158523, -0.992611229),
        ["fov"] = 78
    },
    {
        ["cframe"] = CFrame.new(29.187984467, 11.830229759, -32.232387543, -0.992630303, 0.047609944, -0.111438148, 0.052574147, 0.997731745, -0.042038858, 0.109183982, -0.047587816, -0.992881835),
        ["fov"] = 78
    },
    {
        ["cframe"] = CFrame.new(29.185489655, 11.831053734, -32.235279083, -0.993200004, 0.037460312, -0.110229298, 0.041821729, 0.998420179, -0.037523642, 0.108649530, -0.041878466, -0.993197620),
        ["fov"] = 78
    },
    {
        ["cframe"] = CFrame.new(29.182989120, 11.831879616, -32.238166809, -0.993661344, 0.027300997, -0.109049849, 0.031068057, 0.998972535, -0.032995749, 0.108036995, -0.036174569, -0.993488550),
        ["fov"] = 78
    },
    {
        ["cframe"] = CFrame.new(29.180482864, 11.832708359, -32.241050720, -0.994014144, 0.017133260, -0.107899934, 0.020314740, 0.999388576, -0.028455542, 0.107346401, -0.030477170, -0.993754506),
        ["fov"] = 78
    },
    {
        ["cframe"] = CFrame.new(29.178392410, 11.833131790, -32.243518829, -0.994248211, 0.010103313, -0.106622770, 0.012945518, 0.999578178, -0.025998265, 0.106315129, -0.027229015, -0.993959665),
        ["fov"] = 78
    },
    {
        ["cframe"] = CFrame.new(29.176219940, 11.833315849, -32.246147156, -0.994466245, 0.004180203, -0.104973778, 0.006810999, 0.999671340, -0.024715489, 0.104835942, -0.025293697, -0.994167864),
        ["fov"] = 78
    },
    {
        ["cframe"] = CFrame.new(29.174047470, 11.833501816, -32.248775482, -0.994645894, -0.001745099, -0.103327468, 0.000679247, 0.999725401, -0.023422908, 0.103339963, -0.023367684, -0.994371533),
        ["fov"] = 78
    },
    {
        ["cframe"] = CFrame.new(29.171875000, 11.833689690, -32.251403809, -0.994787216, -0.007672351, -0.101683699, -0.005449469, 0.999740481, -0.022120532, 0.101826973, -0.021451101, -0.994570851),
        ["fov"] = 78
    },
    {
        ["cframe"] = CFrame.new(29.169698715, 11.833827019, -32.254028320, -0.994894147, -0.013216753, -0.100055069, -0.011161418, 0.999715626, -0.021074060, 0.100305147, -0.019849703, -0.994758725),
        ["fov"] = 78
    },
    {
        ["cframe"] = CFrame.new(29.166431427, 11.833955765, -32.257965088, -0.995001912, -0.020958045, -0.097631998, -0.019103978, 0.999619722, -0.019886704, 0.098011695, -0.017922148, -0.995023906),
        ["fov"] = 78
    },
    {
        ["cframe"] = CFrame.new(29.164796829, 11.834020615, -32.259933472, -0.995030880, -0.024829142, -0.096420944, -0.023072995, 0.999547720, -0.019285951, 0.096856184, -0.016965399, -0.995153785),
        ["fov"] = 78
    },
    {
        ["cframe"] = CFrame.new(29.162815094, 11.833888054, -32.262569427, -0.995173156, -0.028773315, -0.093821265, -0.027050097, 0.999442101, -0.019587582, 0.094332553, -0.016955163, -0.995396316),
        ["fov"] = 78
    },
    {
        ["cframe"] = CFrame.new(29.160900116, 11.833683014, -32.265209198, -0.995336831, -0.032309067, -0.090889029, -0.030589556, 0.999326944, -0.020248948, 0.091482028, -0.017374273, -0.995655119),
        ["fov"] = 78
    },
    {
        ["cframe"] = CFrame.new(29.158985138, 11.833480835, -32.267845154, -0.995479643, -0.035841901, -0.087952204, -0.034129292, 0.999198914, -0.020899648, 0.088630758, -0.017803432, -0.995905399),
        ["fov"] = 78
    },
    {
        ["cframe"] = CFrame.new(29.157548904, 11.833330154, -32.269821167, -0.995573282, -0.038489588, -0.085746594, -0.036784250, 0.999094486, -0.021380670, 0.086491905, -0.018131904, -0.996087551),
        ["fov"] = 78
    },
    {
        ["cframe"] = CFrame.new(29.155635834, 11.833130836, -32.272457123, -0.995679915, -0.042017154, -0.082801737, -0.040324308, 0.998944163, -0.022012673, 0.083639212, -0.018578654, -0.996322930),
        ["fov"] = 78
    },
    {
        ["cframe"] = CFrame.new(29.153724670, 11.832934380, -32.275089264, -0.995765805, -0.045541596, -0.079852559, -0.043864429, 0.998781025, -0.022633974, 0.080786027, -0.019035446, -0.996549726),
        ["fov"] = 78
    },
    {
        ["cframe"] = CFrame.new(29.152080536, 11.832732201, -32.277740479, -0.995911360, -0.049502708, -0.075565442, -0.047869001, 0.998582244, -0.023281083, 0.076610781, -0.019568650, -0.996869028),
        ["fov"] = 78
    },
    {
        ["cframe"] = CFrame.new(29.151046753, 11.832578659, -32.279743195, -0.996053219, -0.052799460, -0.071345344, -0.051220778, 0.998404145, -0.023779767, 0.072486997, -0.020031551, -0.997168183),
        ["fov"] = 78
    },
    {
        ["cframe"] = CFrame.new(29.149328232, 11.832327843, -32.283069611, -0.996226966, -0.058284584, -0.064302474, -0.056806691, 0.998082578, -0.024578739, 0.065611742, -0.020833189, -0.997627735),
        ["fov"] = 78
    },
    {
        ["cframe"] = CFrame.new(29.148298264, 11.832181931, -32.285060883, -0.996293366, -0.061569881, -0.060071476, -0.060157895, 0.997874796, -0.025038803, 0.061485387, -0.021332225, -0.997879982),
        ["fov"] = 78
    },
    {
        ["cframe"] = CFrame.new(29.146583557, 11.831943512, -32.288372040, -0.996341288, -0.067035355, -0.053011291, -0.065742262, 0.997503698, -0.025773348, 0.054606684, -0.022193974, -0.998261273),
        ["fov"] = 78
    },
    {
        ["cframe"] = CFrame.new(29.144868851, 11.831714630, -32.291671753, -0.996310711, -0.072487980, -0.045940962, -0.071325094, 0.997101903, -0.026467573, 0.047726423, -0.023093188, -0.998593569),
        ["fov"] = 78
    },
    {
        ["cframe"] = CFrame.new(29.143424988, 11.831490517, -32.294975281, -0.996217370, -0.078374021, -0.037531093, -0.077384531, 0.996632099, -0.027131055, 0.039531000, -0.024124093, -0.998927176),
        ["fov"] = 78
    },
    {
        ["cframe"] = CFrame.new(29.142597198, 11.831361771, -32.296951294, -0.996112347, -0.081964158, -0.032280117, -0.081090495, 0.996327102, -0.027504992, 0.034415953, -0.024780454, -0.999100387),
        ["fov"] = 78
    },
    {
        ["cframe"] = CFrame.new(29.141496658, 11.831195831, -32.299575806, -0.995910287, -0.086740345, -0.025273468, -0.086029559, 0.995899796, -0.027972689, 0.027596200, -0.025684031, -0.999289095),
        ["fov"] = 78
    },
    {
        ["cframe"] = CFrame.new(29.140398026, 11.831036568, -32.302192688, -0.995637238, -0.091504127, -0.018260546, -0.090965837, 0.995448828, -0.028405074, 0.020776602, -0.026620070, -0.999429703),
        ["fov"] = 78
    },
    {
        ["cframe"] = CFrame.new(29.139299393, 11.830884933, -32.304798126, -0.995293319, -0.096255116, -0.011242109, -0.095898941, 0.994974256, -0.028802123, 0.013957915, -0.027588451, -0.999521911),
        ["fov"] = 78
    },
    {
        ["cframe"] = CFrame.new(29.138252258, 11.830859184, -32.306747437, -0.995082498, -0.098795786, -0.007101041, -0.098555215, 0.994719028, -0.028654855, 0.009894494, -0.027814105, -0.999564171),
        ["fov"] = 78
    },
    {
        ["cframe"] = CFrame.new(29.136703491, 11.830884933, -32.309341431, -0.994832397, -0.101503879, -0.002330214, -0.101398602, 0.994447112, -0.028162673, 0.005175859, -0.027780861, -0.999600649),
        ["fov"] = 78
    },
    {
        ["cframe"] = CFrame.new(29.135156631, 11.830913544, -32.311931610, -0.994552493, -0.104209825, 0.002440002, -0.104237385, 0.994167924, -0.027657155, 0.000456388, -0.027760837, -0.999614537),
        ["fov"] = 78
    },
    {
        ["cframe"] = CFrame.new(29.133607864, 11.830945015, -32.314517975, -0.994242191, -0.106913529, 0.007209738, -0.107071474, 0.993880868, -0.027138297, -0.004264187, -0.027753996, -0.999605715),
        ["fov"] = 78
    },
    {
        ["cframe"] = CFrame.new(29.132446289, 11.830970764, -32.316455841, -0.993989885, -0.108939826, 0.010786681, -0.109193936, 0.993660688, -0.026740406, -0.007805162, -0.027757533, -0.999584258),
        ["fov"] = 78
    },
    {
        ["cframe"] = CFrame.new(29.130899429, 11.831006050, -32.319030762, -0.993627012, -0.111639448, 0.015555077, -0.112019636, 0.993360519, -0.026198287, -0.012527063, -0.027773801, -0.999535739),
        ["fov"] = 78
    },
    {
        ["cframe"] = CFrame.new(29.129125595, 11.831125259, -32.321613312, -0.993372440, -0.113324717, 0.019198859, -0.113791078, 0.993183970, -0.025242925, -0.016207371, -0.027260283, -0.999496996),
        ["fov"] = 78
    },
    {
        ["cframe"] = CFrame.new(29.126678467, 11.831483841, -32.324211121, -0.993520558, -0.111972719, 0.019473135, -0.112410851, 0.993393660, -0.023082484, -0.016759839, -0.025121907, -0.999543965),
        ["fov"] = 78
    },
    {
        ["cframe"] = CFrame.new(29.124231339, 11.831844330, -32.326805115, -0.993666410, -0.110621274, 0.019751331, -0.111029416, 0.993596911, -0.020922344, -0.017310394, -0.022982813, -0.999586105),
        ["fov"] = 78
    },
    {
        ["cframe"] = CFrame.new(29.121175766, 11.832292557, -32.330047607, -0.993845820, -0.108932704, 0.020104377, -0.109300867, 0.993841648, -0.018222641, -0.017995518, -0.020307923, -0.999631822),
        ["fov"] = 78
    },
    {
        ["cframe"] = CFrame.new(29.118730545, 11.832652092, -32.332641602, -0.993987083, -0.107582472, 0.020391388, -0.107916676, 0.994030118, -0.016063247, -0.018541569, -0.018167233, -0.999663055),
        ["fov"] = 78
    },
    {
        ["cframe"] = CFrame.new(29.116287231, 11.833011627, -32.335235596, -0.994126201, -0.106232777, 0.020682290, -0.106531240, 0.994212151, -0.013904210, -0.019085530, -0.016025851, -0.999689400),
        ["fov"] = 78
    },
    {
        ["cframe"] = CFrame.new(29.114358902, 11.833203316, -32.337181091, -0.994176507, -0.105810203, 0.020428376, -0.106081277, 0.994276702, -0.012672894, -0.018970568, -0.014766157, -0.999711037),
        ["fov"] = 78
    },
    {
        ["cframe"] = CFrame.new(29.110832214, 11.833264351, -32.340427399, -0.994080782, -0.107070304, 0.018423734, -0.107299171, 0.994155407, -0.011915118, -0.017040310, -0.013821442, -0.999759257),
        ["fov"] = 78
    },
    {
        ["cframe"] = CFrame.new(29.108009338, 11.833312988, -32.343021393, -0.994000256, -0.108077258, 0.016819546, -0.108274773, 0.994056642, -0.011310495, -0.015497208, -0.013063758, -0.999794543),
        ["fov"] = 78
    },
    {
        ["cframe"] = CFrame.new(29.105186462, 11.833360672, -32.345615387, -0.993916273, -0.109083138, 0.015214966, -0.109251462, 0.993956506, -0.010707282, -0.013955043, -0.012304406, -0.999827027),
        ["fov"] = 78
    },
    {
        ["cframe"] = CFrame.new(29.102394104, 11.833170891, -32.348205566, -0.993580163, -0.112289429, 0.013770855, -0.112447456, 0.993593574, -0.011292711, -0.012414572, -0.012768710, -0.999841452),
        ["fov"] = 78
    },
    {
        ["cframe"] = CFrame.new(29.100326538, 11.832849503, -32.350147247, -0.993126094, -0.116345562, 0.012815316, -0.116506554, 0.993109584, -0.012625955, -0.011258042, -0.014032239, -0.999838173),
        ["fov"] = 78
    },
    {
        ["cframe"] = CFrame.new(29.096883774, 11.832313538, -32.353378296, -0.992329955, -0.123105526, 0.011241069, -0.123265445, 0.992262602, -0.014856506, -0.009325178, -0.016128205, -0.999826491),
        ["fov"] = 78
    },
    {
        ["cframe"] = CFrame.new(29.094133377, 11.831882477, -32.355960846, -0.991657495, -0.128513023, 0.009998246, -0.128666699, 0.991548181, -0.016648486, -0.007774237, -0.017796043, -0.999811411),
        ["fov"] = 78
    },
    {
        ["cframe"] = CFrame.new(29.091386795, 11.831450462, -32.358547211, -0.990953326, -0.133919790, 0.008769680, -0.134062469, 0.990801096, -0.018447116, -0.006218568, -0.019455912, -0.999791384),
        ["fov"] = 78
    },
    {
        ["cframe"] = CFrame.new(29.089326859, 11.831125259, -32.360485077, -0.990404725, -0.137974381, 0.007858077, -0.138105705, 0.990219593, -0.019800320, -0.005049282, -0.020695567, -0.999773145),
        ["fov"] = 78
    },
    {
        ["cframe"] = CFrame.new(29.086051941, 11.830148697, -32.363700867, -0.989627898, -0.143478364, 0.007115103, -0.143610477, 0.989337683, -0.024227809, -0.003563096, -0.024998322, -0.999681234),
        ["fov"] = 78
    },
    {
        ["cframe"] = CFrame.new(29.084224701, 11.829174042, -32.365615845, -0.989308476, -0.145651937, 0.007367613, -0.145805508, 0.988893032, -0.028833102, -0.003086181, -0.029599065, -0.999557137),
        ["fov"] = 78
    },
    {
        ["cframe"] = CFrame.new(29.081794739, 11.827873230, -32.368164062, -0.988875091, -0.148547724, 0.007725784, -0.148728460, 0.988259494, -0.034970935, -0.002440262, -0.035730932, -0.999358475),
        ["fov"] = 78
    },
    {
        ["cframe"] = CFrame.new(29.079370499, 11.826574326, -32.370704651, -0.988433123, -0.151440650, 0.008108520, -0.151647091, 0.987579584, -0.041105594, -0.001782713, -0.041859753, -0.999121964),
        ["fov"] = 78
    },
    {
        ["cframe"] = CFrame.new(29.077009201, 11.825138092, -32.373229980, -0.988191545, -0.152969837, 0.008813239, -0.153217390, 0.987029910, -0.047921136, -0.001368390, -0.048705582, -0.998812258),
        ["fov"] = 78
    },
    {
        ["cframe"] = CFrame.new(29.074827194, 11.823292732, -32.375720978, -0.988569558, -0.150405496, 0.010413204, -0.150755540, 0.986938655, -0.056788430, -0.001735877, -0.057709161, -0.998331964),
        ["fov"] = 78
    },
    {
        ["cframe"] = CFrame.new(29.072643280, 11.821447372, -32.378196716, -0.988940179, -0.147827983, 0.012002556, -0.148299038, 0.986760855, -0.065653503, -0.002138202, -0.066707358, -0.997770250),
        ["fov"] = 78
    },
    {
