return {
    CFrame.new(43650.8398, 1.1925, -3.5628, -0.9987, -0.0370, -0.0346, -0.0388, 0.9978, 0.0535, 0.0325, 0.0547, -0.9980),
    CFrame.new(43650.9844, 0.7849, -4.6840, -0.9999, 0.0149, 0.0015, 0.0149, 0.9812, 0.1925, 0.0015, 0.1925, -0.9813),
    CFrame.new(43650.9844, 0.7849, -4.6840, -0.9999, 0.0149, 0.0015, 0.0149, 0.9812, 0.1925, 0.0015, 0.1925, -0.9813),
    CFrame.new(43650.9844, 0.7849, -4.6840, -0.9999, 0.0149, 0.0015, 0.0149, 0.9812, 0.1925, 0.0015, 0.1925, -0.9813),
    CFrame.new(43650.9805, 0.5583, -4.2136, -0.9998, 0.0149, -0.0113, 0.0148, 0.9999, 0.0043, 0.0113, 0.0041, -0.9999),
    CFrame.new(43650.9805, 0.5583, -4.2136, -0.9998, 0.0149, -0.0113, 0.0148, 0.9999, 0.0043, 0.0113, 0.0041, -0.9999),
    CFrame.new(43651.0430, 0.4940, -4.2098, -0.9998, 0.0136, -0.0146, 0.0149, 0.9958, -0.0906, 0.0133, -0.0908, -0.9958),
    CFrame.new(43651.0352, 0.4914, -4.2096, -0.9998, 0.0136, -0.0146, 0.0149, 0.9958, -0.0906, 0.0133, -0.0908, -0.9958),
    CFrame.new(43651.0352, 0.5565, -4.2150, -0.9998, 0.0136, -0.0146, 0.0149, 0.9958, -0.0906, 0.0133, -0.0908, -0.9958),
    CFrame.new(43651.0430, 0.5541, -4.2149, -0.9998, 0.0136, -0.0146, 0.0149, 0.9958, -0.0906, 0.0133, -0.0908, -0.9958),
    CFrame.new(43650.9922, 0.5330, -4.2123, -0.9998, 0.0136, -0.0146, 0.0149, 0.9958, -0.0906, 0.0133, -0.0908, -0.9958),
    CFrame.new(43651.0000, 0.5419, -4.2131, -0.9998, 0.0136, -0.0146, 0.0149, 0.9958, -0.0906, 0.0133, -0.0908, -0.9958),
    CFrame.new(43651.0078, 0.5361, -4.2128, -0.9998, 0.0136, -0.0146, 0.0149, 0.9958, -0.0906, 0.0133, -0.0908, -0.9958),
    CFrame.new(43651.0078, 0.5362, -4.2128, -0.9998, 0.0136, -0.0146, 0.0149, 0.9958, -0.0906, 0.0133, -0.0908, -0.9958),
    CFrame.new(43651.0117, 0.5369, -4.2109, -0.9998, 0.0136, -0.0146, 0.0149, 0.9958, -0.0906, 0.0133, -0.0908, -0.9958),
    CFrame.new(43651.0117, 0.5373, -4.2078, -0.9998, 0.0136, -0.0146, 0.0149, 0.9958, -0.0906, 0.0133, -0.0908, -0.9958),
    CFrame.new(43651.0117, 0.5379, -4.2043, -0.9998, 0.0136, -0.0146, 0.0149, 0.9958, -0.0906, 0.0133, -0.0908, -0.9958),
    CFrame.new(43651.0117, 0.5384, -4.2008, -0.9998, 0.0136, -0.0146, 0.0149, 0.9958, -0.0906, 0.0133, -0.0908, -0.9958),
    CFrame.new(43651.0117, 0.5389, -4.1973, -0.9998, 0.0136, -0.0146, 0.0149, 0.9958, -0.0906, 0.0133, -0.0908, -0.9958),
    CFrame.new(43651.0117, 0.5394, -4.1942, -0.9998, 0.0136, -0.0146, 0.0149, 0.9958, -0.0906, 0.0133, -0.0908, -0.9958),
    CFrame.new(43651.0117, 0.5400, -4.1903, -0.9998, 0.0136, -0.0146, 0.0149, 0.9958, -0.0906, 0.0133, -0.0908, -0.9958),
    CFrame.new(43651.0117, 0.5404, -4.1872, -0.9998, 0.0136, -0.0146, 0.0149, 0.9958, -0.0906, 0.0133, -0.0908, -0.9958),
    CFrame.new(43660.2227, 0.0372, 2.2166, -0.0000, 0.0000, 1.0000, -0.0000, 1.0000, -0.0000, -1.0000, -0.0000, -0.0000),
    CFrame.new(43660.2227, 0.0372, 2.1795, -0.0000, 0.0000, 1.0000, -0.0000, 1.0000, -0.0000, -1.0000, -0.0000, -0.0000),
    CFrame.new(43660.2227, 0.0372, 2.1517, -0.0000, 0.0000, 1.0000, -0.0000, 1.0000, -0.0000, -1.0000, -0.0000, -0.0000),
    CFrame.new(43660.2227, 0.0372, 2.1147, -0.0000, 0.0000, 1.0000, -0.0000, 1.0000, -0.0000, -1.0000, -0.0000, -0.0000),
    CFrame.new(43660.2227, 0.0372, 2.0715, -0.0000, 0.0000, 1.0000, -0.0000, 1.0000, -0.0000, -1.0000, -0.0000, -0.0000),
    CFrame.new(43660.2227, 0.0372, 2.0437, -0.0000, 0.0000, 1.0000, -0.0000, 1.0000, -0.0000, -1.0000, -0.0000, -0.0000),
    CFrame.new(43660.2227, 0.0372, 2.0128, -0.0000, 0.0000, 1.0000, -0.0000, 1.0000, -0.0000, -1.0000, -0.0000, -0.0000),
    CFrame.new(43660.2227, 0.0372, 1.9850, -0.0000, 0.0000, 1.0000, -0.0000, 1.0000, -0.0000, -1.0000, -0.0000, -0.0000),
    CFrame.new(43660.2227, 0.0372, 1.9572, -0.0000, 0.0000, 1.0000, -0.0000, 1.0000, -0.0000, -1.0000, -0.0000, -0.0000),
    CFrame.new(43660.2227, 0.0372, 1.9264, -0.0000, 0.0000, 1.0000, -0.0000, 1.0000, -0.0000, -1.0000, -0.0000, -0.0000),
    CFrame.new(43660.2227, 0.0372, 1.8986, -0.0000, 0.0000, 1.0000, -0.0000, 1.0000, -0.0000, -1.0000, -0.0000, -0.0000),
    CFrame.new(43660.2227, 0.0372, 1.8739, -0.0000, 0.0000, 1.0000, -0.0000, 1.0000, -0.0000, -1.0000, -0.0000, -0.0000),
    CFrame.new(43660.2227, 0.0372, 1.8430, -0.0000, 0.0000, 1.0000, -0.0000, 1.0000, -0.0000, -1.0000, -0.0000, -0.0000),
    CFrame.new(43660.2227, 0.0372, 1.7998, -0.0000, 0.0000, 1.0000, -0.0000, 1.0000, -0.0000, -1.0000, -0.0000, -0.0000),
    CFrame.new(43660.2227, 0.0372, 1.7720, -0.0000, 0.0000, 1.0000, -0.0000, 1.0000, -0.0000, -1.0000, -0.0000, -0.0000),
    CFrame.new(43660.2227, 0.0372, 1.7442, -0.0000, 0.0000, 1.0000, -0.0000, 1.0000, -0.0000, -1.0000, -0.0000, -0.0000),
    CFrame.new(43660.2227, 0.0372, 1.7134, -0.0000, 0.0000, 1.0000, -0.0000, 1.0000, -0.0000, -1.0000, -0.0000, -0.0000),
    CFrame.new(43660.2227, 0.0372, 1.6856, -0.0000, 0.0000, 1.0000, -0.0000, 1.0000, -0.0000, -1.0000, -0.0000, -0.0000),
    CFrame.new(43660.2227, 0.0372, 1.6547, -0.0000, 0.0000, 1.0000, -0.0000, 1.0000, -0.0000, -1.0000, -0.0000, -0.0000),
    CFrame.new(43660.2227, 0.0372, 1.6269, -0.0000, 0.0000, 1.0000, -0.0000, 1.0000, -0.0000, -1.0000, -0.0000, -0.0000),
    CFrame.new(43660.2227, 0.0372, 1.5961, -0.0000, 0.0000, 1.0000, -0.0000, 1.0000, -0.0000, -1.0000, -0.0000, -0.0000),
    CFrame.new(43660.2227, 0.0372, 1.5683, -0.0000, 0.0000, 1.0000, -0.0000, 1.0000, -0.0000, -1.0000, -0.0000, -0.0000),
    CFrame.new(43660.2227, 0.0372, 1.5405, -0.0000, 0.0000, 1.0000, -0.0000, 1.0000, -0.0000, -1.0000, -0.0000, -0.0000),
    CFrame.new(43660.2227, 0.0372, 1.5127, -0.0000, 0.0000, 1.0000, -0.0000, 1.0000, -0.0000, -1.0000, -0.0000, -0.0000),
    CFrame.new(43660.2227, 0.0372, 1.4818, -0.0000, 0.0000, 1.0000, -0.0000, 1.0000, -0.0000, -1.0000, -0.0000, -0.0000),
    CFrame.new(43660.2227, 0.0372, 1.4571, -0.0000, 0.0000, 1.0000, -0.0000, 1.0000, -0.0000, -1.0000, -0.0000, -0.0000),
    CFrame.new(43660.2227, 0.0372, 1.4263, -0.0000, 0.0000, 1.0000, -0.0000, 1.0000, -0.0000, -1.0000, -0.0000, -0.0000),
    CFrame.new(43660.2227, 0.0372, 1.3985, -0.0000, 0.0000, 1.0000, -0.0000, 1.0000, -0.0000, -1.0000, -0.0000, -0.0000),
    CFrame.new(43660.2227, 0.0372, 1.3676, -0.0000, 0.0000, 1.0000, -0.0000, 1.0000, -0.0000, -1.0000, -0.0000, -0.0000),
    CFrame.new(43660.2227, 0.0372, 1.3398, -0.0000, 0.0000, 1.0000, -0.0000, 1.0000, -0.0000, -1.0000, -0.0000, -0.0000),
    CFrame.new(43660.2227, 0.0372, 1.3090, -0.0000, 0.0000, 1.0000, -0.0000, 1.0000, -0.0000, -1.0000, -0.0000, -0.0000),
    CFrame.new(43660.2227, 0.0372, 1.2781, -0.0000, 0.0000, 1.0000, -0.0000, 1.0000, -0.0000, -1.0000, -0.0000, -0.0000),
    CFrame.new(43660.2227, 0.0372, 1.2379, -0.0000, 0.0000, 1.0000, -0.0000, 1.0000, -0.0000, -1.0000, -0.0000, -0.0000),
    CFrame.new(43660.2227, 0.0372, 1.2071, -0.0000, 0.0000, 1.0000, -0.0000, 1.0000, -0.0000, -1.0000, -0.0000, -0.0000),
    CFrame.new(43660.2227, 0.0372, 1.1762, -0.0000, 0.0000, 1.0000, -0.0000, 1.0000, -0.0000, -1.0000, -0.0000, -0.0000),
    CFrame.new(43660.2227, 0.0372, 1.1484, -0.0000, 0.0000, 1.0000, -0.0000, 1.0000, -0.0000, -1.0000, -0.0000, -0.0000),
    CFrame.new(43660.2227, 0.0372, 1.1176, -0.0000, 0.0000, 1.0000, -0.0000, 1.0000, -0.0000, -1.0000, -0.0000, -0.0000),
    CFrame.new(43660.2227, 0.0372, 1.0867, -0.0000, 0.0000, 1.0000, -0.0000, 1.0000, -0.0000, -1.0000, -0.0000, -0.0000),
    CFrame.new(43660.2227, 0.0372, 1.0620, -0.0000, 0.0000, 1.0000, -0.0000, 1.0000, -0.0000, -1.0000, -0.0000, -0.0000),
    CFrame.new(43660.2227, 0.0372, 1.0452, -0.0000, 0.0000, 1.0000, -0.0000, 1.0000, -0.0000, -1.0000, -0.0000, -0.0000),
    CFrame.new(43660.2227, 0.0372, 1.0319, -0.0000, 0.0000, 1.0000, -0.0000, 1.0000, -0.0000, -1.0000, -0.0000, -0.0000),
    CFrame.new(43660.2227, 0.0372, 1.0199, -0.0000, 0.0000, 1.0000, -0.0000, 1.0000, -0.0000, -1.0000, -0.0000, -0.0000),
    CFrame.new(43660.2266, 0.0372, 1.0066, -0.0000, 0.0000, 1.0000, -0.0000, 1.0000, -0.0000, -1.0000, -0.0000, -0.0000),
    CFrame.new(43660.2266, 0.0372, 0.9946, -0.0000, 0.0000, 1.0000, -0.0000, 1.0000, -0.0000, -1.0000, -0.0000, -0.0000),
    CFrame.new(43660.2266, 0.0372, 0.9813, -0.0000, 0.0000, 1.0000, -0.0000, 1.0000, -0.0000, -1.0000, -0.0000, -0.0000),
    CFrame.new(43660.2266, 0.0372, 0.9693, -0.0000, 0.0000, 1.0000, -0.0000, 1.0000, -0.0000, -1.0000, -0.0000, -0.0000),
    CFrame.new(43660.2266, 0.0372, 0.9560, -0.0000, 0.0000, 1.0000, -0.0000, 1.0000, -0.0000, -1.0000, -0.0000, -0.0000),
    CFrame.new(43660.2266, 0.0372, 0.9440, -0.0000, 0.0000, 1.0000, -0.0000, 1.0000, -0.0000, -1.0000, -0.0000, -0.0000),
    CFrame.new(43660.2266, 0.0372, 0.9307, -0.0000, 0.0000, 1.0000, -0.0000, 1.0000, -0.0000, -1.0000, -0.0000, -0.0000),
    CFrame.new(43660.2266, 0.0372, 0.9187, -0.0000, 0.0000, 1.0000, -0.0000, 1.0000, -0.0000, -1.0000, -0.0000, -0.0000),
    CFrame.new(43660.2305, 0.0372, 0.9054, -0.0000, 0.0000, 1.0000, -0.0000, 1.0000, -0.0000, -1.0000, -0.0000, -0.0000),
    CFrame.new(43660.2305, 0.0372, 0.8921, -0.0000, 0.0000, 1.0000, -0.0000, 1.0000, -0.0000, -1.0000, -0.0000, -0.0000),
    CFrame.new(43660.2305, 0.0372, 0.8801, -0.0000, 0.0000, 1.0000, -0.0000, 1.0000, -0.0000, -1.0000, -0.0000, -0.0000),
    CFrame.new(43660.2305, 0.0372, 0.8681, -0.0000, 0.0000, 1.0000, -0.0000, 1.0000, -0.0000, -1.0000, -0.0000, -0.0000),
    CFrame.new(43660.2305, 0.0372, 0.8562, -0.0000, 0.0000, 1.0000, -0.0000, 1.0000, -0.0000, -1.0000, -0.0000, -0.0000),
    CFrame.new(43660.2305, 0.0372, 0.8442, -0.0000, 0.0000, 1.0000, -0.0000, 1.0000, -0.0000, -1.0000, -0.0000, -0.0000),
    CFrame.new(43660.2305, 0.0372, 0.8322, -0.0000, 0.0000, 1.0000, -0.0000, 1.0000, -0.0000, -1.0000, -0.0000, -0.0000),
    CFrame.new(43660.2344, 0.0372, 0.8202, -0.0000, 0.0000, 1.0000, -0.0000, 1.0000, -0.0000, -1.0000, -0.0000, -0.0000),
    CFrame.new(43660.2344, 0.0372, 0.8083, -0.0000, 0.0000, 1.0000, -0.0000, 1.0000, -0.0000, -1.0000, -0.0000, -0.0000),
    CFrame.new(43660.2344, 0.0372, 0.7963, -0.0000, 0.0000, 1.0000, -0.0000, 1.0000, -0.0000, -1.0000, -0.0000, -0.0000),
    CFrame.new(43660.2344, 0.0372, 0.7843, -0.0000, 0.0000, 1.0000, -0.0000, 1.0000, -0.0000, -1.0000, -0.0000, -0.0000),
    CFrame.new(43660.2344, 0.0372, 0.7723, -0.0000, 0.0000, 1.0000, -0.0000, 1.0000, -0.0000, -1.0000, -0.0000, -0.0000),
    CFrame.new(43660.2344, 0.0372, 0.7590, -0.0000, 0.0000, 1.0000, -0.0000, 1.0000, -0.0000, -1.0000, -0.0000, -0.0000),
    CFrame.new(43660.2344, 0.0372, 0.7470, -0.0000, 0.0000, 1.0000, -0.0000, 1.0000, -0.0000, -1.0000, -0.0000, -0.0000),
    CFrame.new(43660.2344, 0.0372, 0.7351, -0.0000, 0.0000, 1.0000, -0.0000, 1.0000, -0.0000, -1.0000, -0.0000, -0.0000),
    CFrame.new(43660.2383, 0.0372, 0.7231, -0.0000, 0.0000, 1.0000, -0.0000, 1.0000, -0.0000, -1.0000, -0.0000, -0.0000),
    CFrame.new(43660.2383, 0.0372, 0.7098, -0.0000, 0.0000, 1.0000, -0.0000, 1.0000, -0.0000, -1.0000, -0.0000, -0.0000),
    CFrame.new(43660.2383, 0.0372, 0.6978, -0.0000, 0.0000, 1.0000, -0.0000, 1.0000, -0.0000, -1.0000, -0.0000, -0.0000),
    CFrame.new(43660.2383, 0.0372, 0.6858, -0.0000, 0.0000, 1.0000, -0.0000, 1.0000, -0.0000, -1.0000, -0.0000, -0.0000),
    CFrame.new(43660.2383, 0.0372, 0.6738, -0.0000, 0.0000, 1.0000, -0.0000, 1.0000, -0.0000, -1.0000, -0.0000, -0.0000),
    CFrame.new(43660.2383, 0.0372, 0.6619, -0.0000, 0.0000, 1.0000, -0.0000, 1.0000, -0.0000, -1.0000, -0.0000, -0.0000),
    CFrame.new(43660.2383, 0.0372, 0.6499, -0.0000, 0.0000, 1.0000, -0.0000, 1.0000, -0.0000, -1.0000, -0.0000, -0.0000),
    CFrame.new(43660.2383, 0.0372, 0.6379, -0.0000, 0.0000, 1.0000, -0.0000, 1.0000, -0.0000, -1.0000, -0.0000, -0.0000),
    CFrame.new(43660.2422, 0.0372, 0.6246, -0.0000, 0.0000, 1.0000, -0.0000, 1.0000, -0.0000, -1.0000, -0.0000, -0.0000),
    CFrame.new(43660.2422, 0.0372, 0.6126, -0.0000, 0.0000, 1.0000, -0.0000, 1.0000, -0.0000, -1.0000, -0.0000, -0.0000),
    CFrame.new(43660.2422, 0.0372, 0.6006, -0.0000, 0.0000, 1.0000, -0.0000, 1.0000, -0.0000, -1.0000, -0.0000, -0.0000),
    CFrame.new(43660.2422, 0.0372, 0.5873, -0.0000, 0.0000, 1.0000, -0.0000, 1.0000, -0.0000, -1.0000, -0.0000, -0.0000),
    CFrame.new(43660.2422, 0.0372, 0.5753, -0.0000, 0.0000, 1.0000, -0.0000, 1.0000, -0.0000, -1.0000, -0.0000, -0.0000),
    CFrame.new(43650.9688, -2.4665, -3.3544, -0.9999, -0.0048, -0.0106, -0.0048, 1.0000, 0.0001, 0.0106, 0.0002, -0.9999),
    CFrame.new(43650.9648, -2.4606, -3.5556, -0.9998, -0.0169, -0.0110, -0.0169, 0.9999, 0.0012, 0.0110, 0.0014, -0.9999),
    CFrame.new(43650.9648, -2.4497, -3.6726, -0.9994, -0.0320, -0.0117, -0.0320, 0.9995, 0.0033, 0.0116, 0.0037, -0.9999),
    CFrame.new(43650.9609, -2.4366, -3.7299, -0.9988, -0.0479, -0.0122, -0.0480, 0.9988, 0.0058, 0.0119, 0.0064, -0.9999),
    CFrame.new(43650.9609, -2.4252, -3.7502, -0.9981, -0.0611, -0.0123, -0.0612, 0.9981, 0.0080, 0.0118, 0.0088, -0.9999),
    CFrame.new(43650.9609, -2.4163, -3.7596, -0.9974, -0.0715, -0.0116, -0.0716, 0.9974, 0.0098, 0.0109, 0.0106, -0.9999),
    CFrame.new(43650.9609, -2.4120, -3.7784, -0.9969, -0.0778, -0.0097, -0.0779, 0.9969, 0.0109, 0.0089, 0.0116, -0.9999),
    CFrame.new(43650.9609, -2.4153, -3.8224, -0.9970, -0.0769, -0.0066, -0.0770, 0.9970, 0.0106, 0.0058, 0.0111, -0.9999),
    CFrame.new(43650.9609, -2.4274, -3.9098, -0.9977, -0.0683, -0.0019, -0.0683, 0.9976, 0.0087, 0.0013, 0.0088, -1.0000),
    CFrame.new(43650.9648, -2.4503, -4.0574, -0.9987, -0.0503, 0.0048, -0.0503, 0.9987, 0.0048, -0.0050, 0.0046, -1.0000),
    CFrame.new(43650.9648, -2.4856, -4.2836, -0.9997, -0.0212, 0.0134, -0.0212, 0.9998, -0.0016, -0.0134, -0.0019, -0.9999),
    CFrame.new(43650.9688, -2.5193, -4.5533, -0.9996, 0.0139, 0.0229, 0.0137, 0.9999, -0.0100, -0.0231, -0.0096, -0.9997),
    CFrame.new(43650.9688, -2.5287, -4.7992, -0.9985, 0.0455, 0.0315, 0.0449, 0.9988, -0.0183, -0.0322, -0.0169, -0.9993),
    CFrame.new(43650.9688, -2.5173, -4.9739, -0.9970, 0.0679, 0.0375, 0.0670, 0.9974, -0.0247, -0.0391, -0.0221, -0.9990),
    CFrame.new(43650.9727, -2.4978, -5.0650, -0.9958, 0.0827, 0.0394, 0.0817, 0.9963, -0.0270, -0.0415, -0.0236, -0.9989),
    CFrame.new(43650.9688, -2.4836, -5.1034, -0.9950, 0.0915, 0.0394, 0.0905, 0.9955, -0.0270, -0.0417, -0.0233, -0.9989),
    CFrame.new(43650.9688, -2.4732, -5.1290, -0.9944, 0.0978, 0.0394, 0.0968, 0.9949, -0.0269, -0.0418, -0.0230, -0.9989),
    CFrame.new(43650.9688, -2.4662, -5.1445, -0.9940, 0.1019, 0.0394, 0.1009, 0.9945, -0.0268, -0.0419, -0.0226, -0.9989),
    CFrame.new(43650.9688, -2.4620, -5.1537, -0.9938, 0.1044, 0.0394, 0.1034, 0.9943, -0.0266, -0.0420, -0.0223, -0.9989),
    CFrame.new(43650.9648, -2.4599, -5.1599, -0.9936, 0.1057, 0.0394, 0.1047, 0.9941, -0.0265, -0.0420, -0.0222, -0.9989),
    CFrame.new(43650.9648, -2.4596, -5.1655, -0.9936, 0.1061, 0.0394, 0.1051, 0.9941, -0.0267, -0.0420, -0.0223, -0.9989),
    CFrame.new(43650.9648, -2.4604, -5.1742, -0.9936, 0.1060, 0.0394, 0.1050, 0.9941, -0.0271, -0.0421, -0.0228, -0.9989),
    CFrame.new(43650.9648, -2.4616, -5.1883, -0.9936, 0.1059, 0.0395, 0.1049, 0.9941, -0.0277, -0.0422, -0.0234, -0.9988),
    CFrame.new(43650.9648, -2.4628, -5.2080, -0.9936, 0.1058, 0.0395, 0.1047, 0.9941, -0.0284, -0.0422, -0.0241, -0.9988),
    CFrame.new(43650.9648, -2.4633, -5.2339, -0.9936, 0.1058, 0.0395, 0.1047, 0.9941, -0.0287, -0.0423, -0.0244, -0.9988),
    CFrame.new(43650.9648, -2.4627, -5.2657, -0.9936, 0.1058, 0.0395, 0.1047, 0.9941, -0.0284, -0.0422, -0.0240, -0.9988),
    CFrame.new(43650.9648, -2.4605, -5.3036, -0.9936, 0.1060, 0.0394, 0.1050, 0.9941, -0.0271, -0.0421, -0.0228, -0.9989),
    CFrame.new(43650.9648, -2.4563, -5.3472, -0.9935, 0.1064, 0.0394, 0.1055, 0.9941, -0.0248, -0.0418, -0.0205, -0.9989),
    CFrame.new(43650.9648, -2.4506, -5.3935, -0.9935, 0.1069, 0.0393, 0.1061, 0.9941, -0.0216, -0.0414, -0.0173, -0.9990),
    CFrame.new(43650.9688, -2.4436, -5.4428, -0.9934, 0.1075, 0.0392, 0.1069, 0.9941, -0.0176, -0.0409, -0.0133, -0.9991),
    CFrame.new(43650.9727, -2.4374, -5.4809, -0.9934, 0.1080, 0.0392, 0.1075, 0.9941, -0.0142, -0.0405, -0.0099, -0.9991),
    CFrame.new(43650.9805, -2.4324, -5.5082, -0.9933, 0.1084, 0.0391, 0.1080, 0.9941, -0.0113, -0.0401, -0.0070, -0.9992),
    CFrame.new(43650.9883, -2.4293, -5.5210, -0.9933, 0.1086, 0.0391, 0.1083, 0.9941, -0.0096, -0.0400, -0.0053, -0.9992),
    CFrame.new(43651.0039, -2.2882, -5.5156, -0.9933, 0.1080, 0.0414, 0.1083, 0.9941, 0.0041, -0.0407, 0.0086, -0.9991),
    CFrame.new(43651.0508, -0.3673, -5.7451, -0.9949, 0.1012, -0.0041, 0.0952, 0.9484, 0.3023, 0.0345, 0.3004, -0.9532),
    CFrame.new(43650.8750, 2.3333, -6.5144, -0.9953, 0.0929, -0.0270, 0.0375, 0.6279, 0.7774, 0.0892, 0.7727, -0.6284),
    CFrame.new(43650.9102, 2.7168, -6.3675, -0.9953, 0.0920, -0.0308, 0.0385, 0.6662, 0.7448, 0.0891, 0.7401, -0.6666),
    CFrame.new(43650.9609, 2.8751, -6.1518, -0.9953, 0.0908, -0.0342, 0.0413, 0.7155, 0.6974, 0.0877, 0.6927, -0.7159),
    CFrame.new(43651.0117, 2.9061, -5.9242, -0.9952, 0.0896, -0.0395, 0.0422, 0.7568, 0.6523, 0.0883, 0.6475, -0.7570),
    CFrame.new(43651.0430, 2.9139, -5.7383, -0.9949, 0.0885, -0.0485, 0.0385, 0.7772, 0.6281, 0.0933, 0.6230, -0.7766),
    CFrame.new(43651.0508, 2.9414, -5.5908, -0.9942, 0.0873, -0.0626, 0.0286, 0.7770, 0.6289, 0.1036, 0.6234, -0.7750),
    CFrame.new(43651.0352, 2.9886, -5.4938, -0.9934, 0.0855, -0.0769, 0.0158, 0.7636, 0.6455, 0.1139, 0.6400, -0.7599),
    CFrame.new(43651.0039, 3.0585, -5.4089, -0.9925, 0.0822, -0.0905, 0.0010, 0.7456, 0.6664, 0.1223, 0.6613, -0.7401),
    CFrame.new(43650.9570, 3.1450, -5.3280, -0.9918, 0.0773, -0.1019, -0.0136, 0.7287, 0.6848, 0.1272, 0.6805, -0.7216),
    CFrame.new(43650.8945, 3.2517, -5.2418, -0.9911, 0.0706, -0.1126, -0.0291, 0.7115, 0.7021, 0.1297, 0.6991, -0.7031),
    CFrame.new(43650.8828, 3.2757, -5.2240, -0.9910, 0.0691, -0.1147, -0.0323, 0.7081, 0.7054, 0.1299, 0.7028, -0.6995),
    CFrame.new(43650.8828, 3.2757, -5.2240, -0.9910, 0.0691, -0.1147, -0.0323, 0.7081, 0.7054, 0.1299, 0.7028, -0.6995),
    CFrame.new(43650.8828, 3.2757, -5.2240, -0.9910, 0.0691, -0.1147, -0.0323, 0.7081, 0.7054, 0.1299, 0.7028, -0.6995),
    CFrame.new(43650.8828, 3.2757, -5.2240, -0.9910, 0.0691, -0.1147, -0.0323, 0.7081, 0.7054, 0.1299, 0.7028, -0.6995),
    CFrame.new(43650.8828, 3.2764, -5.2232, -0.9911, 0.0687, -0.1141, -0.0322, 0.7078, 0.7056, 0.1292, 0.7030, -0.6993),
    CFrame.new(43650.8984, 3.2836, -5.2159, -0.9920, 0.0647, -0.1083, -0.0313, 0.7055, 0.7080, 0.1222, 0.7057, -0.6979),
    CFrame.new(43650.9102, 3.2900, -5.2092, -0.9928, 0.0611, -0.1031, -0.0305, 0.7034, 0.7101, 0.1159, 0.7081, -0.6965),
    CFrame.new(43650.9219, 3.2965, -5.2026, -0.9935, 0.0575, -0.0980, -0.0296, 0.7013, 0.7122, 0.1096, 0.7105, -0.6951),
    CFrame.new(43650.9336, 3.3037, -5.1952, -0.9943, 0.0534, -0.0922, -0.0287, 0.6990, 0.7145, 0.1026, 0.7131, -0.6935),
    CFrame.new(43650.9453, 3.3101, -5.1885, -0.9950, 0.0498, -0.0870, -0.0278, 0.6969, 0.7166, 0.0963, 0.7154, -0.6920),
    CFrame.new(43650.9609, 3.3172, -5.1811, -0.9956, 0.0457, -0.0813, -0.0268, 0.6946, 0.7189, 0.0893, 0.7180, -0.6903),
    CFrame.new(43650.9727, 3.3237, -5.1744, -0.9962, 0.0420, -0.0761, -0.0259, 0.6925, 0.7210, 0.0830, 0.7202, -0.6887),
    CFrame.new(43650.9844, 3.3308, -5.1670, -0.9968, 0.0379, -0.0704, -0.0249, 0.6901, 0.7233, 0.0760, 0.7227, -0.6870),
    CFrame.new(43651.0000, 3.3373, -5.1603, -0.9973, 0.0342, -0.0653, -0.0239, 0.6880, 0.7253, 0.0697, 0.7249, -0.6853),
    CFrame.new(43651.0117, 3.3437, -5.1535, -0.9977, 0.0304, -0.0601, -0.0229, 0.6859, 0.7273, 0.0634, 0.7271, -0.6836),
    CFrame.new(43651.0234, 3.3508, -5.1461, -0.9982, 0.0262, -0.0544, -0.0218, 0.6835, 0.7296, 0.0564, 0.7294, -0.6817),
    CFrame.new(43651.0352, 3.3573, -5.1394, -0.9985, 0.0225, -0.0493, -0.0208, 0.6814, 0.7316, 0.0500, 0.7315, -0.6800),
    CFrame.new(43651.0508, 3.3644, -5.1319, -0.9989, 0.0182, -0.0437, -0.0197, 0.6791, 0.7338, 0.0430, 0.7338, -0.6780),
    CFrame.new(43651.0625, 3.3715, -5.1244, -0.9992, 0.0140, -0.0380, -0.0185, 0.6767, 0.7360, 0.0360, 0.7361, -0.6759),
    CFrame.new(43651.0742, 3.3780, -5.1176, -0.9994, 0.0102, -0.0329, -0.0174, 0.6746, 0.7380, 0.0297, 0.7381, -0.6740),
    CFrame.new(43651.0898, 3.3851, -5.1101, -0.9996, 0.0059, -0.0273, -0.0162, 0.6722, 0.7402, 0.0227, 0.7403, -0.6719),
    CFrame.new(43651.1016, 3.3915, -5.1034, -0.9998, 0.0020, -0.0222, -0.0151, 0.6701, 0.7421, 0.0164, 0.7423, -0.6699),
    CFrame.new(43651.1133, 3.3979, -5.0966, -0.9999, -0.0018, -0.0171, -0.0140, 0.6680, 0.7440, 0.0101, 0.7442, -0.6679),
    CFrame.new(43651.1250, 3.4043, -5.0898, -0.9999, -0.0057, -0.0121, -0.0128, 0.6659, 0.7460, 0.0038, 0.7461, -0.6659),
    CFrame.new(43651.1367, 3.4115, -5.0823, -0.9999, -0.0100, -0.0063, -0.0113, 0.6635, 0.7481, -0.0034, 0.7481, -0.6636),
    CFrame.new(43651.1523, 3.4186, -5.0747, -0.9999, -0.0144, -0.0009, -0.0102, 0.6611, 0.7502, -0.0102, 0.7501, -0.6612),
    CFrame.new(43651.1680, 3.4264, -5.0664, -0.9998, -0.0192, 0.0052, -0.0087, 0.6585, 0.7525, -0.0179, 0.7523, -0.6586),
    CFrame.new(43651.1797, 3.4335, -5.0588, -0.9997, -0.0236, 0.0108, -0.0074, 0.6562, 0.7546, -0.0249, 0.7542, -0.6561),
    CFrame.new(43651.1914, 3.4399, -5.0520, -0.9995, -0.0276, 0.0158, -0.0061, 0.6540, 0.7564, -0.0312, 0.7560, -0.6539),
    CFrame.new(43651.2070, 3.4470, -5.0444, -0.9993, -0.0320, 0.0213, -0.0047, 0.6517, 0.7585, -0.0381, 0.7578, -0.6514),
    CFrame.new(43651.2188, 3.4541, -5.0368, -0.9990, -0.0364, 0.0268, -0.0033, 0.6493, 0.7605, -0.0451, 0.7596, -0.6488),
    CFrame.new(43651.2305, 3.4605, -5.0300, -0.9987, -0.0404, 0.0317, -0.0020, 0.6472, 0.7623, -0.0513, 0.7613, -0.6464),
    CFrame.new(43651.2461, 3.4676, -5.0224, -0.9983, -0.0449, 0.0372, -0.0005, 0.6448, 0.7643, -0.0583, 0.7630, -0.6438),
    CFrame.new(43651.2578, 3.4740, -5.0155, -0.9979, -0.0489, 0.0421, 0.0008, 0.6427, 0.7661, -0.0645, 0.7645, -0.6413),
    CFrame.new(43655.2578, 1.1034, 1.5484, -0.4065, -0.2431, 0.8807, 0.2212, 0.9091, 0.3530, -0.8865, 0.3383, -0.3158),
    CFrame.new(43656.5430, -0.3551, 3.4671, -0.0660, -0.0677, 0.9955, 0.1319, 0.9883, 0.0760, -0.9891, 0.1363, -0.0563),
    CFrame.new(43656.5039, -0.5703, 2.7564, -0.0606, -0.0324, 0.9976, 0.1379, 0.9896, 0.0406, -0.9886, 0.1400, -0.0555),
    CFrame.new(43656.4180, -0.5159, 2.0538, -0.0377, -0.0179, 0.9991, 0.1413, 0.9897, 0.0230, -0.9893, 0.1420, -0.0348),
    CFrame.new(43656.2773, -0.3361, 1.5246, 0.0192, -0.0024, 0.9998, 0.1301, 0.9915, -0.0001, -0.9913, 0.1301, 0.0194),
    CFrame.new(43656.1328, -0.1231, 1.2636, 0.0807, 0.0096, 0.9967, 0.1096, 0.9938, -0.0184, -0.9907, 0.1108, 0.0791),
    CFrame.new(43655.9531, 0.1556, 1.1070, 0.1512, 0.0205, 0.9883, 0.0779, 0.9964, -0.0326, -0.9854, 0.0819, 0.1491),
    CFrame.new(43655.7891, 0.4245, 1.0544, 0.2068, 0.0263, 0.9780, 0.0440, 0.9984, -0.0362, -0.9774, 0.0505, 0.2053),
    CFrame.new(43655.6172, 0.7192, 1.0591, 0.2476, 0.0244, 0.9686, 0.0043, 0.9996, -0.0263, -0.9689, 0.0107, 0.2474),
    CFrame.new(43655.4883, 0.9600, 1.0836, 0.2579, 0.0117, 0.9661, -0.0304, 0.9995, -0.0040, -0.9657, -0.0283, 0.2581),
    CFrame.new(43655.3750, 1.1785, 1.1033, 0.2328, -0.0193, 0.9723, -0.0657, 0.9972, 0.0355, -0.9703, -0.0722, 0.2309),
    CFrame.new(43655.3086, 1.3232, 1.1128, 0.1850, -0.0605, 0.9809, -0.0925, 0.9926, 0.0787, -0.9784, -0.1053, 0.1781),
    CFrame.new(43655.2695, 1.4245, 1.1235, 0.1179, -0.1146, 0.9864, -0.1135, 0.9853, 0.1280, -0.9865, -0.1270, 0.1031),
    CFrame.new(43655.2617, 1.4549, 1.1453, 0.0499, -0.1684, 0.9845, -0.1180, 0.9778, 0.1732, -0.9918, -0.1248, 0.0290),
    CFrame.new(43655.2812, 1.4228, 1.1826, -0.0003, -0.2083, 0.9781, -0.1025, 0.9729, 0.2071, -0.9947, -0.1002, -0.0216),
    CFrame.new(43655.3242, 1.3212, 1.2388, -0.0346, -0.2360, 0.9711, -0.0581, 0.9706, 0.2338, -0.9977, -0.0483, -0.0473),
    CFrame.new(43655.3555, 1.1789, 1.2358, -0.0523, -0.2455, 0.9680, 0.0006, 0.9693, 0.2459, -0.9986, 0.0134, -0.0505),
    CFrame.new(43655.3398, 1.0475, 1.1015, -0.0622, -0.2395, 0.9689, 0.0473, 0.9690, 0.2426, -0.9969, 0.0609, -0.0490),
    CFrame.new(43655.2344, 0.9433, 0.7549, -0.0745, -0.2189, 0.9729, 0.0694, 0.9721, 0.2240, -0.9948, 0.0842, -0.0572),
    CFrame.new(43654.9922, 0.8866, 0.0777, -0.0996, -0.1810, 0.9784, 0.0509, 0.9811, 0.1866, -0.9937, 0.0684, -0.0885),
    CFrame.new(43654.7344, 0.8797, -0.6215, -0.1285, -0.1444, 0.9811, 0.0111, 0.9891, 0.1471, -0.9916, 0.0298, -0.1255),
    CFrame.new(43654.5625, 0.8874, -1.1179, -0.1501, -0.1204, 0.9813, -0.0210, 0.9927, 0.1186, -0.9884, -0.0028, -0.1515),
    CFrame.new(43654.5703, 0.9061, -1.1886, -0.1530, -0.1167, 0.9813, -0.0240, 0.9931, 0.1144, -0.9879, -0.0061, -0.1548),
    CFrame.new(43654.5938, 0.9316, -1.2216, -0.1543, -0.1144, 0.9814, -0.0242, 0.9934, 0.1120, -0.9877, -0.0065, -0.1560),
    CFrame.new(43654.6172, 0.9546, -1.2513, -0.1554, -0.1123, 0.9814, -0.0244, 0.9936, 0.1099, -0.9875, -0.0069, -0.1572),
    CFrame.new(43654.6445, 0.9802, -1.2842, -0.1567, -0.1101, 0.9815, -0.0246, 0.9939, 0.1075, -0.9873, -0.0073, -0.1584),
    CFrame.new(43654.6680, 1.0057, -1.3172, -0.1580, -0.1078, 0.9815, -0.0249, 0.9941, 0.1051, -0.9871, -0.0078, -0.1597),
    CFrame.new(43654.6914, 1.0287, -1.3469, -0.1591, -0.1057, 0.9816, -0.0250, 0.9944, 0.1030, -0.9869, -0.0082, -0.1609),
    CFrame.new(43655.0898, 1.2236, -1.6192, -0.2428, -0.1421, 0.9596, -0.0358, 0.9899, 0.1375, -0.9694, -0.0010, -0.2454),
    CFrame.new(43655.8789, 0.6646, -1.2378, 0.2522, -0.1730, 0.9521, 0.0321, 0.9848, 0.1705, -0.9671, -0.0125, 0.2539),
    CFrame.new(43655.6641, 1.1022, -0.7155, 0.2522, -0.1730, 0.9521, 0.0321, 0.9848, 0.1705, -0.9671, -0.0125, 0.2539),
    CFrame.new(43655.6719, 0.9679, -0.6536, 0.2522, -0.1730, 0.9521, 0.0321, 0.9848, 0.1705, -0.9671, -0.0125, 0.2539),
    CFrame.new(43655.6758, 1.0471, -0.7236, 0.2522, -0.1730, 0.9521, 0.0321, 0.9848, 0.1705, -0.9671, -0.0125, 0.2539),
    CFrame.new(43655.6758, 1.0294, -0.7158, 0.2522, -0.1730, 0.9521, 0.0321, 0.9848, 0.1705, -0.9671, -0.0125, 0.2539),
    CFrame.new(43655.6719, 1.0392, -0.7095, 0.2522, -0.1730, 0.9521, 0.0321, 0.9848, 0.1705, -0.9671, -0.0125, 0.2539),
    CFrame.new(43655.6758, 1.0287, -0.7086, 0.2522, -0.1730, 0.9521, 0.0321, 0.9848, 0.1705, -0.9671, -0.0125, 0.2539),
    CFrame.new(43655.6719, 1.0381, -0.7139, 0.2522, -0.1730, 0.9521, 0.0321, 0.9848, 0.1705, -0.9671, -0.0125, 0.2539),
    CFrame.new(43655.6719, 1.0474, -0.7193, 0.2522, -0.1730, 0.9521, 0.0321, 0.9848, 0.1705, -0.9671, -0.0125, 0.2539),
    CFrame.new(43655.1484, 0.8427, -0.5105, 0.3159, -0.1763, 0.9323, 0.0384, 0.9842, 0.1731, -0.9480, -0.0189, 0.3177),
    CFrame.new(43653.8555, 0.1414, -0.3228, 0.6344, 0.0317, 0.7724, 0.0386, 0.9966, -0.0726, -0.7720, 0.0759, 0.6310),
    CFrame.new(43654.3398, 0.0292, -0.8177, 0.7883, 0.0972, 0.6076, 0.0206, 0.9827, -0.1839, -0.6150, 0.1575, 0.7727),
    CFrame.new(43654.3398, 0.0292, -0.8177, 0.7883, 0.0972, 0.6076, 0.0206, 0.9827, -0.1839, -0.6150, 0.1575, 0.7727),
    CFrame.new(43654.3398, 0.0292, -0.8177, 0.7883, 0.0972, 0.6076, 0.0206, 0.9827, -0.1839, -0.6150, 0.1575, 0.7727),
    CFrame.new(43654.3125, 0.0231, -0.7983, 0.7883, 0.0972, 0.6076, 0.0206, 0.9827, -0.1839, -0.6150, 0.1575, 0.7727),
    CFrame.new(43654.3164, 0.0278, -0.8003, 0.7883, 0.0972, 0.6076, 0.0206, 0.9827, -0.1839, -0.6150, 0.1575, 0.7727),
    CFrame.new(43654.3281, 0.0297, -0.8086, 0.7883, 0.0972, 0.6076, 0.0206, 0.9827, -0.1839, -0.6150, 0.1575, 0.7727),
    CFrame.new(43654.3242, 0.0246, -0.8057, 0.7883, 0.0972, 0.6076, 0.0206, 0.9827, -0.1839, -0.6150, 0.1575, 0.7727),
    CFrame.new(43654.3203, 0.0228, -0.8047, 0.7883, 0.0972, 0.6076, 0.0206, 0.9827, -0.1839, -0.6150, 0.1575, 0.7727),
    CFrame.new(43654.6133, 0.0360, -1.0324, 0.7883, 0.0972, 0.6076, 0.0206, 0.9827, -0.1839, -0.6150, 0.1575, 0.7727),
    CFrame.new(43654.6133, 0.0360, -1.0324, 0.7883, 0.0972, 0.6076, 0.0206, 0.9827, -0.1839, -0.6150, 0.1575, 0.7727),
    CFrame.new(43654.2109, 0.0738, -2.5252, 0.2085, 0.0424, 0.9771, 0.0232, 0.9986, -0.0483, -0.9777, 0.0327, 0.2073),
    CFrame.new(43654.1484, 0.0870, -3.0982, -0.0210, 0.0114, 0.9997, 0.0064, 0.9999, -0.0113, -0.9998, 0.0061, -0.0211),
    CFrame.new(43654.1602, 0.0976, -2.6089, -0.0210, 0.0114, 0.9997, 0.0064, 0.9999, -0.0113, -0.9998, 0.0061, -0.0211),
    CFrame.new(43654.1562, 0.0968, -2.7088, -0.0210, 0.0114, 0.9997, 0.0064, 0.9999, -0.0113, -0.9998, 0.0061, -0.0211),
    CFrame.new(43654.1562, 0.1145, -2.7636, -0.0210, 0.0114, 0.9997, 0.0064, 0.9999, -0.0113, -0.9998, 0.0061, -0.0211),
    CFrame.new(43654.1562, 0.0685, -2.7303, -0.0210, 0.0114, 0.9997, 0.0064, 0.9999, -0.0113, -0.9998, 0.0061, -0.0211),
    CFrame.new(43654.1562, 0.1103, -2.7227, -0.0210, 0.0114, 0.9997, 0.0064, 0.9999, -0.0113, -0.9998, 0.0061, -0.0211),
    CFrame.new(43654.1562, 0.0968, -2.6980, -0.0210, 0.0114, 0.9997, 0.0064, 0.9999, -0.0113, -0.9998, 0.0061, -0.0211),
    CFrame.new(43668.6016, 6.7516, -0.0079, 0.0399, 0.0081, 0.9992, 0.0054, 1.0000, -0.0083, -0.9992, 0.0057, 0.0399),
    CFrame.new(43668.5820, 6.8846, 0.4927, 0.0399, 0.0081, 0.9992, 0.0054, 1.0000, -0.0083, -0.9992, 0.0057, 0.0399),
    CFrame.new(43668.5820, 6.7072, 0.4723, 0.0399, 0.0081, 0.9992, 0.0054, 1.0000, -0.0083, -0.9992, 0.0057, 0.0399),
    CFrame.new(43668.5820, 6.7396, 0.4399, 0.0399, 0.0081, 0.9992, 0.0054, 1.0000, -0.0083, -0.9992, 0.0057, 0.0399),
    CFrame.new(43668.5859, 6.7504, 0.4292, 0.0399, 0.0081, 0.9992, 0.0054, 1.0000, -0.0083, -0.9992, 0.0057, 0.0399),
    CFrame.new(43668.6211, 6.1991, -0.5787, 0.0399, 0.0081, 0.9992, 0.0054, 1.0000, -0.0083, -0.9992, 0.0057, 0.0399),
    CFrame.new(43668.6211, 6.1991, -0.5787, 0.0399, 0.0081, 0.9992, 0.0054, 1.0000, -0.0083, -0.9992, 0.0057, 0.0399),
    CFrame.new(43668.6680, 6.9312, -1.6366, 0.0399, 0.0081, 0.9992, 0.0054, 1.0000, -0.0083, -0.9992, 0.0057, 0.0399),
    CFrame.new(43668.6641, 6.3617, -1.6706, 0.0399, 0.0081, 0.9992, 0.0054, 1.0000, -0.0083, -0.9992, 0.0057, 0.0399),
    CFrame.new(43668.6914, 7.2440, -2.1844, 0.0399, 0.0081, 0.9992, 0.0054, 1.0000, -0.0083, -0.9992, 0.0057, 0.0399),
    CFrame.new(43668.6953, 7.1090, -2.2349, 0.0399, 0.0081, 0.9992, 0.0054, 1.0000, -0.0083, -0.9992, 0.0057, 0.0399),
    CFrame.new(43668.7070, 7.5917, -2.5023, 0.0399, 0.0081, 0.9992, 0.0054, 1.0000, -0.0083, -0.9992, 0.0057, 0.0399),
    CFrame.new(43668.6758, 6.8575, -1.8518, 0.0399, 0.0081, 0.9992, 0.0054, 1.0000, -0.0083, -0.9992, 0.0057, 0.0399),
    CFrame.new(43668.6758, 6.8250, -1.8286, 0.0399, 0.0081, 0.9992, 0.0054, 1.0000, -0.0083, -0.9992, 0.0057, 0.0399),
    CFrame.new(43668.6719, 6.8264, -1.7273, 0.0399, 0.0081, 0.9992, 0.0054, 1.0000, -0.0083, -0.9992, 0.0057, 0.0399),
    CFrame.new(43668.6836, 7.0196, -1.9640, 0.0399, 0.0081, 0.9992, 0.0054, 1.0000, -0.0083, -0.9992, 0.0057, 0.0399),
    CFrame.new(43668.6719, 6.8370, -1.7383, 0.0399, 0.0081, 0.9992, 0.0054, 1.0000, -0.0083, -0.9992, 0.0057, 0.0399),
    CFrame.new(43668.6797, 6.8792, -1.9600, 0.0399, 0.0081, 0.9992, 0.0054, 1.0000, -0.0083, -0.9992, 0.0057, 0.0399),
    CFrame.new(43668.6758, 6.9302, -1.8344, 0.0399, 0.0081, 0.9992, 0.0054, 1.0000, -0.0083, -0.9992, 0.0057, 0.0399),
    CFrame.new(43668.6758, 6.8583, -1.8564, 0.0399, 0.0081, 0.9992, 0.0054, 1.0000, -0.0083, -0.9992, 0.0057, 0.0399),
    CFrame.new(43668.6797, 6.9018, -1.8936, 0.0399, 0.0081, 0.9992, 0.0054, 1.0000, -0.0083, -0.9992, 0.0057, 0.0399),
    CFrame.new(43668.6797, 6.8835, -1.9119, 0.0399, 0.0081, 0.9992, 0.0054, 1.0000, -0.0083, -0.9992, 0.0057, 0.0399),
    CFrame.new(43668.6758, 6.8741, -1.8613, 0.0399, 0.0081, 0.9992, 0.0054, 1.0000, -0.0083, -0.9992, 0.0057, 0.0399),
    CFrame.new(43668.6758, 6.8560, -1.8487, 0.0399, 0.0081, 0.9992, 0.0054, 1.0000, -0.0083, -0.9992, 0.0057, 0.0399),
    CFrame.new(43668.6758, 6.8559, -1.8298, 0.0399, 0.0081, 0.9992, 0.0054, 1.0000, -0.0083, -0.9992, 0.0057, 0.0399),
    CFrame.new(43668.6758, 6.8558, -1.8121, 0.0399, 0.0081, 0.9992, 0.0054, 1.0000, -0.0083, -0.9992, 0.0057, 0.0399),
    CFrame.new(43668.6719, 6.8557, -1.7919, 0.0399, 0.0081, 0.9992, 0.0054, 1.0000, -0.0083, -0.9992, 0.0057, 0.0399),
    CFrame.new(43668.6719, 6.8556, -1.7742, 0.0399, 0.0081, 0.9992, 0.0054, 1.0000, -0.0083, -0.9992, 0.0057, 0.0399),
    CFrame.new(43655.0977, 4.3984, 12.1931, 0.9394, -0.0098, 0.3427, -0.0136, 0.9977, 0.0659, -0.3426, -0.0666, 0.9371),
    CFrame.new(43650.5898, 3.5841, 16.6501, 0.9992, 0.0037, -0.0394, 0.0000, 0.9956, 0.0934, 0.0396, -0.0934, 0.9948),
    CFrame.new(43650.5898, 3.5776, 16.5806, 0.9992, 0.0037, -0.0394, 0.0000, 0.9956, 0.0934, 0.0396, -0.0934, 0.9948),
    CFrame.new(43650.5938, 3.5719, 16.5203, 0.9992, 0.0037, -0.0394, 0.0000, 0.9956, 0.0934, 0.0396, -0.0934, 0.9948),
    CFrame.new(43650.5938, 3.5671, 16.4693, 0.9992, 0.0037, -0.0394, 0.0000, 0.9956, 0.0934, 0.0396, -0.0934, 0.9948),
    CFrame.new(43650.5977, 3.5619, 16.4137, 0.9992, 0.0037, -0.0394, 0.0000, 0.9956, 0.0934, 0.0396, -0.0934, 0.9948),
    CFrame.new(43650.5977, 3.5567, 16.3581, 0.9992, 0.0037, -0.0394, 0.0000, 0.9956, 0.0934, 0.0396, -0.0934, 0.9948),
    CFrame.new(43650.6016, 3.5514, 16.3025, 0.9992, 0.0037, -0.0394, 0.0000, 0.9956, 0.0934, 0.0396, -0.0934, 0.9948),
    CFrame.new(43650.6094, 3.5339, 16.1160, 0.9992, 0.0037, -0.0394, 0.0000, 0.9956, 0.0934, 0.0396, -0.0934, 0.9948),
    CFrame.new(43650.6211, 3.5059, 15.8178, 0.9992, 0.0037, -0.0394, 0.0000, 0.9956, 0.0934, 0.0396, -0.0934, 0.9948),
    CFrame.new(43650.6328, 3.4805, 15.5473, 0.9992, 0.0037, -0.0394, 0.0000, 0.9956, 0.0934, 0.0396, -0.0934, 0.9948),
    CFrame.new(43650.6445, 3.4533, 15.2579, 0.9992, 0.0037, -0.0394, 0.0000, 0.9956, 0.0934, 0.0396, -0.0934, 0.9948),
    CFrame.new(43650.6484, 3.4405, 15.1209, 0.9992, 0.0037, -0.0394, 0.0000, 0.9956, 0.0934, 0.0396, -0.0934, 0.9948),
    CFrame.new(43650.6523, 3.4322, 15.0329, 0.9992, 0.0037, -0.0394, 0.0000, 0.9956, 0.0934, 0.0396, -0.0934, 0.9948),
    CFrame.new(43650.6562, 3.4347, 15.0341, 0.9992, 0.0037, -0.0394, -0.0000, 0.9956, 0.0936, 0.0396, -0.0935, 0.9948),
    CFrame.new(43650.6680, 3.4560, 15.0904, 0.9992, 0.0037, -0.0391, -0.0000, 0.9955, 0.0944, 0.0393, -0.0943, 0.9948),
    CFrame.new(43650.6914, 3.4953, 15.1948, 0.9992, 0.0038, -0.0386, -0.0001, 0.9954, 0.0959, 0.0388, -0.0958, 0.9946),
    CFrame.new(43650.7188, 3.5423, 15.3196, 0.9993, 0.0038, -0.0380, -0.0001, 0.9952, 0.0977, 0.0382, -0.0977, 0.9945),
    CFrame.new(43650.7539, 3.5997, 15.4718, 0.9993, 0.0039, -0.0373, -0.0001, 0.9950, 0.1000, 0.0375, -0.0999, 0.9943),
    CFrame.new(43650.8008, 3.6709, 15.6608, 0.9993, 0.0040, -0.0364, -0.0002, 0.9947, 0.1027, 0.0366, -0.1026, 0.9940),
    CFrame.new(43650.8438, 3.7422, 15.8499, 0.9994, 0.0040, -0.0355, -0.0003, 0.9944, 0.1055, 0.0357, -0.1054, 0.9938),
    CFrame.new(43650.2773, 2.8438, 9.5053, 0.9994, 0.0049, -0.0347, -0.0034, 0.9990, 0.0446, 0.0349, -0.0445, 0.9984),
    CFrame.new(43650.3203, 2.6461, 11.3428, 0.9998, -0.0040, 0.0176, 0.0037, 0.9999, 0.0127, -0.0177, -0.0126, 0.9998),
    CFrame.new(43651.0703, 2.7066, 15.4714, 0.9999, 0.0057, -0.0084, -0.0057, 1.0000, -0.0032, 0.0084, 0.0033, 1.0000),
    CFrame.new(43650.5625, 3.2609, 18.5370, 0.9987, 0.0054, -0.0514, -0.0046, 0.9999, 0.0150, 0.0515, -0.0147, 0.9986),
    CFrame.new(43650.7422, 2.4366, 21.4328, 0.9987, 0.0026, -0.0501, -0.0044, 0.9993, -0.0363, 0.0500, 0.0365, 0.9981),
    CFrame.new(43651.2188, 3.1393, 23.2598, 0.9998, 0.0144, -0.0154, -0.0146, 0.9998, -0.0111, 0.0152, 0.0113, 0.9998),
    CFrame.new(43651.3164, 3.1922, 24.6305, 0.9998, 0.0097, -0.0149, -0.0099, 0.9999, -0.0140, 0.0148, 0.0141, 0.9998),
    CFrame.new(43651.3555, 3.2150, 25.2204, 0.9996, -0.0023, -0.0281, 0.0019, 0.9999, -0.0152, 0.0282, 0.0152, 0.9995),
    CFrame.new(43651.3984, 3.2363, 25.7710, 0.9996, -0.0035, -0.0279, 0.0030, 0.9999, -0.0165, 0.0280, 0.0165, 0.9995),
    CFrame.new(43651.4141, 3.2455, 26.0101, 0.9997, 0.0017, -0.0255, -0.0021, 0.9999, -0.0171, 0.0255, 0.0172, 0.9995),
    CFrame.new(43651.4219, 3.2506, 26.1429, 0.9994, 0.0038, -0.0350, -0.0044, 0.9998, -0.0174, 0.0349, 0.0175, 0.9992),
    CFrame.new(43651.4219, 3.2501, 26.1394, 0.9994, 0.0038, -0.0350, -0.0044, 0.9998, -0.0174, 0.0349, 0.0176, 0.9992),
    CFrame.new(43651.4258, 3.2364, 26.0102, 0.9994, 0.0038, -0.0350, -0.0044, 0.9998, -0.0174, 0.0349, 0.0176, 0.9992),
    CFrame.new(43651.4336, 3.1905, 25.5788, 0.9994, 0.0038, -0.0350, -0.0044, 0.9998, -0.0176, 0.0349, 0.0177, 0.9992),
    CFrame.new(43651.4648, 3.0604, 24.3542, 0.9994, 0.0038, -0.0350, -0.0044, 0.9998, -0.0179, 0.0349, 0.0180, 0.9992),
    CFrame.new(43651.5195, 2.8139, 22.0349, 0.9994, 0.0038, -0.0350, -0.0044, 0.9998, -0.0185, 0.0349, 0.0186, 0.9992),
    CFrame.new(43651.6055, 2.4139, 18.2706, 0.9994, 0.0037, -0.0350, -0.0044, 0.9998, -0.0194, 0.0349, 0.0196, 0.9992),
    CFrame.new(43651.7383, 1.8230, 12.7109, 0.9994, 0.0037, -0.0350, -0.0044, 0.9998, -0.0209, 0.0349, 0.0210, 0.9992),
    CFrame.new(43651.9062, 1.0633, 5.5616, 0.9994, 0.0036, -0.0350, -0.0044, 0.9997, -0.0227, 0.0349, 0.0228, 0.9991),
    CFrame.new(43652.1406, -0.0031, -4.4726, 0.9994, 0.0035, -0.0350, -0.0044, 0.9997, -0.0253, 0.0349, 0.0254, 0.9991),
    CFrame.new(43652.3164, -0.8182, -13.1027, 0.9995, 0.0035, -0.0330, -0.0044, 0.9997, -0.0256, 0.0329, 0.0258, 0.9991),
    CFrame.new(43652.4062, -1.2784, -19.1369, 0.9996, 0.0036, -0.0294, -0.0043, 0.9997, -0.0239, 0.0293, 0.0240, 0.9993),
    CFrame.new(43652.4961, -1.7387, -25.1711, 0.9997, 0.0037, -0.0258, -0.0043, 0.9997, -0.0221, 0.0257, 0.0222, 0.9994),
    CFrame.new(43652.5898, -2.1989, -31.2053, 0.9997, 0.0038, -0.0222, -0.0042, 0.9998, -0.0204, 0.0221, 0.0205, 0.9995),
    CFrame.new(43652.6797, -2.6591, -37.2395, 0.9998, 0.0038, -0.0186, -0.0042, 0.9998, -0.0186, 0.0186, 0.0187, 0.9997),
    CFrame.new(43652.7695, -3.1193, -43.2737, 0.9999, 0.0039, -0.0151, -0.0042, 0.9998, -0.0169, 0.0150, 0.0169, 0.9997),
    CFrame.new(43652.8438, -3.4932, -48.1765, 0.9999, 0.0040, -0.0121, -0.0041, 0.9999, -0.0154, 0.0121, 0.0155, 0.9998),
    CFrame.new(43652.9297, -3.9247, -53.8335, 1.0000, 0.0040, -0.0088, -0.0041, 0.9999, -0.0138, 0.0087, 0.0138, 0.9999),
    CFrame.new(43653.0156, -4.3561, -59.4905, 1.0000, 0.0041, -0.0054, -0.0041, 0.9999, -0.0122, 0.0054, 0.0122, 0.9999),
    CFrame.new(43653.0859, -4.7300, -64.3932, 1.0000, 0.0041, -0.0025, -0.0041, 0.9999, -0.0107, 0.0025, 0.0107, 0.9999),
    CFrame.new(43653.1523, -5.0469, -68.5378, 1.0000, 0.0041, -0.0001, -0.0041, 0.9999, -0.0095, 0.0001, 0.0095, 1.0000),
    CFrame.new(43653.6445, -5.3315, -68.5343, 0.9994, 0.0041, -0.0349, -0.0044, 0.9999, -0.0094, 0.0349, 0.0095, 0.9993),
    CFrame.new(43653.6445, -5.3315, -68.5343, 0.9994, 0.0041, -0.0349, -0.0044, 0.9999, -0.0094, 0.0349, 0.0095, 0.9993),
    CFrame.new(43653.6445, -5.3315, -68.5343, 0.9994, 0.0041, -0.0349, -0.0044, 0.9999, -0.0094, 0.0349, 0.0095, 0.9993),
    CFrame.new(43653.6445, -5.3315, -68.5343, 0.9994, 0.0041, -0.0349, -0.0044, 0.9999, -0.0094, 0.0349, 0.0095, 0.9993),
    CFrame.new(43653.6445, -5.3315, -68.5343, 0.9994, 0.0041, -0.0349, -0.0044, 0.9999, -0.0094, 0.0349, 0.0095, 0.9993),
    CFrame.new(43653.6445, -5.3315, -68.5343, 0.9994, 0.0041, -0.0349, -0.0044, 0.9999, -0.0094, 0.0349, 0.0095, 0.9993),
    CFrame.new(43653.6445, -5.3315, -68.5343, 0.9994, 0.0041, -0.0349, -0.0044, 0.9999, -0.0094, 0.0349, 0.0095, 0.9993),
    CFrame.new(43653.6445, -5.3315, -68.5343, 0.9994, 0.0041, -0.0349, -0.0044, 0.9999, -0.0094, 0.0349, 0.0095, 0.9993),
    CFrame.new(43653.6445, -5.3315, -68.5343, 0.9994, 0.0041, -0.0349, -0.0044, 0.9999, -0.0094, 0.0349, 0.0095, 0.9993),
    CFrame.new(43653.6445, -5.3315, -68.5343, 0.9994, 0.0041, -0.0349, -0.0044, 0.9999, -0.0094, 0.0349, 0.0095, 0.9993),
    CFrame.new(43653.6445, -5.3315, -68.5343, 0.9994, 0.0041, -0.0349, -0.0044, 0.9999, -0.0094, 0.0349, 0.0095, 0.9993),
    CFrame.new(43653.6445, -5.3315, -68.5343, 0.9994, 0.0041, -0.0349, -0.0044, 0.9999, -0.0094, 0.0349, 0.0095, 0.9993),
    CFrame.new(43653.6445, -5.3315, -68.5343, 0.9994, 0.0041, -0.0349, -0.0044, 0.9999, -0.0094, 0.0349, 0.0095, 0.9993),
