return {
    {
        ["cframe"] = CFrame.new(9302.842773438, 1.177543163, -3.594957590, -0.998632967, -0.047584258, -0.021631597, -0.048440557, 0.997986555, 0.040954325, 0.019639252, 0.041946188, -0.998926818),
        ["fov"] = 70
    },
    {
        ["cframe"] = CFrame.new(9302.842773438, 1.177543163, -3.594957590, -0.998632967, -0.047584258, -0.021631597, -0.048440557, 0.997986555, 0.040954325, 0.019639252, 0.041946188, -0.998926818),
        ["fov"] = 70
    },
    {
        ["cframe"] = CFrame.new(9302.985351562, 0.784881592, -4.683994293, -0.999887466, 0.014931707, 0.001451491, 0.014931764, 0.981174111, 0.192546934, 0.001450889, 0.192546934, -0.981286705),
        ["fov"] = 70
    },
    {
        ["cframe"] = CFrame.new(9302.985351562, 0.784881592, -4.683994293, -0.999887466, 0.014931708, 0.001451491, 0.014931765, 0.981174350, 0.192546949, 0.001450889, 0.192546949, -0.981286705),
        ["fov"] = 70
    },
    {
        ["cframe"] = CFrame.new(9302.985351562, 0.784881592, -4.683994293, -0.999887466, 0.014931708, 0.001451491, 0.014931765, 0.981174350, 0.192546949, 0.001450889, 0.192546949, -0.981286705),
        ["fov"] = 70
    },
    {
        ["cframe"] = CFrame.new(9302.982421875, 0.558308363, -4.213617325, -0.999825954, 0.014881904, -0.011251800, 0.014834790, 0.999880791, 0.004259205, 0.011313844, 0.004091545, -0.999927640),
        ["fov"] = 70
    },
    {
        ["cframe"] = CFrame.new(9302.982421875, 0.558308363, -4.213617325, -0.999825954, 0.014881904, -0.011251800, 0.014834790, 0.999880791, 0.004259205, 0.011313844, 0.004091545, -0.999927640),
        ["fov"] = 70
    },
    {
        ["cframe"] = CFrame.new(9302.995117188, 0.539340973, -4.212787151, -0.999800682, 0.013613224, -0.014605371, 0.014881621, 0.995777965, -0.090576276, 0.013310677, -0.090775564, -0.995782435),
        ["fov"] = 70
    },
    {
        ["cframe"] = CFrame.new(9303.057617188, 0.478951931, -4.208829880, -0.999800682, 0.013613224, -0.014605371, 0.014881621, 0.995777965, -0.090576276, 0.013310677, -0.090775564, -0.995782435),
        ["fov"] = 70
    },
    {
        ["cframe"] = CFrame.new(9303.036132812, 0.491436958, -4.209619045, -0.999800682, 0.013613224, -0.014605371, 0.014881621, 0.995777965, -0.090576276, 0.013310677, -0.090775564, -0.995782435),
        ["fov"] = 70
    },
    {
        ["cframe"] = CFrame.new(9303.013671875, 0.547301531, -4.213977337, -0.999800682, 0.013613224, -0.014605371, 0.014881621, 0.995777965, -0.090576276, 0.013310677, -0.090775564, -0.995782435),
        ["fov"] = 70
    },
    {
        ["cframe"] = CFrame.new(9303.055664062, 0.565711737, -4.215969086, -0.999800682, 0.013613205, -0.014605849, 0.014881645, 0.995778441, -0.090576306, 0.013311155, -0.090775609, -0.995782435),
        ["fov"] = 70
    },
    {
        ["cframe"] = CFrame.new(9303.003906250, 0.519155264, -4.211519241, -0.999800682, 0.013613224, -0.014605371, 0.014881621, 0.995777965, -0.090576276, 0.013310677, -0.090775564, -0.995782435),
        ["fov"] = 70
    },
    {
        ["cframe"] = CFrame.new(9302.982421875, 0.546794653, -4.213177204, -0.999800682, 0.013613224, -0.014605371, 0.014881621, 0.995777965, -0.090576276, 0.013310677, -0.090775564, -0.995782435),
        ["fov"] = 70
    },
    {
        ["cframe"] = CFrame.new(9302.982421875, 0.546794891, -4.213177204, -0.999800682, 0.013613224, -0.014605371, 0.014881621, 0.995777965, -0.090576276, 0.013310677, -0.090775564, -0.995782435),
        ["fov"] = 70
    },
    {
        ["cframe"] = CFrame.new(9303.017578125, 0.536994219, -4.212964535, -0.999800682, 0.013613224, -0.014605371, 0.014881621, 0.995777965, -0.090576276, 0.013310677, -0.090775564, -0.995782435),
        ["fov"] = 70
    },
    {
        ["cframe"] = CFrame.new(9303.007812500, 0.536133528, -4.212768078, -0.999800682, 0.013613224, -0.014605371, 0.014881621, 0.995777965, -0.090576276, 0.013310677, -0.090775564, -0.995782435),
        ["fov"] = 70
    },
    {
        ["cframe"] = CFrame.new(9303.011718750, 0.536461830, -4.212836266, -0.999800682, 0.013613224, -0.014605371, 0.014881621, 0.995777965, -0.090576276, 0.013310677, -0.090775564, -0.995782435),
        ["fov"] = 70
    },
    {
        ["cframe"] = CFrame.new(9303.012695312, 0.536920547, -4.210529327, -0.999800682, 0.013613224, -0.014605371, 0.014881621, 0.995777965, -0.090576276, 0.013310677, -0.090775564, -0.995782435),
        ["fov"] = 70
    },
    {
        ["cframe"] = CFrame.new(9303.012695312, 0.537328482, -4.207810879, -0.999800682, 0.013613205, -0.014605849, 0.014881645, 0.995778441, -0.090576306, 0.013311155, -0.090775609, -0.995782435),
        ["fov"] = 70
    },
    {
        ["cframe"] = CFrame.new(9303.012695312, 0.537794590, -4.204703331, -0.999800682, 0.013613205, -0.014605849, 0.014881645, 0.995778441, -0.090576306, 0.013311155, -0.090775609, -0.995782435),
        ["fov"] = 70
    },
    {
        ["cframe"] = CFrame.new(9303.012695312, 0.538202524, -4.201983929, -0.999800682, 0.013613224, -0.014605371, 0.014881621, 0.995777965, -0.090576276, 0.013310677, -0.090775564, -0.995782435),
        ["fov"] = 70
    },
    {
        ["cframe"] = CFrame.new(9303.012695312, 0.538610220, -4.199265957, -0.999800682, 0.013613224, -0.014605371, 0.014881621, 0.995777965, -0.090576276, 0.013310677, -0.090775564, -0.995782435),
        ["fov"] = 70
    },
    {
        ["cframe"] = CFrame.new(9303.012695312, 0.539018154, -4.196546555, -0.999800682, 0.013613224, -0.014605371, 0.014881621, 0.995777965, -0.090576276, 0.013310677, -0.090775564, -0.995782435),
        ["fov"] = 70
    },
    {
        ["cframe"] = CFrame.new(9303.012695312, 0.539484262, -4.193439484, -0.999800682, 0.013613224, -0.014605371, 0.014881621, 0.995777965, -0.090576276, 0.013310677, -0.090775564, -0.995782435),
        ["fov"] = 70
    },
    {
        ["cframe"] = CFrame.new(9303.012695312, 0.539891958, -4.190721035, -0.999800682, 0.013613224, -0.014605371, 0.014881621, 0.995777965, -0.090576276, 0.013310677, -0.090775564, -0.995782435),
        ["fov"] = 70
    },
    {
        ["cframe"] = CFrame.new(9303.012695312, 0.540474653, -4.186837673, -0.999800682, 0.013613224, -0.014605371, 0.014881621, 0.995777965, -0.090576276, 0.013310677, -0.090775564, -0.995782435),
        ["fov"] = 70
    },
    {
        ["cframe"] = CFrame.new(9312.224609375, 0.037223577, 2.216564655, -0.000000250, 0.000000000, 0.999999940, -0.000000000, 0.999999821, -0.000000000, -0.999999940, -0.000000000, -0.000000250),
        ["fov"] = 70
    },
    {
        ["cframe"] = CFrame.new(9312.223632812, 0.037223577, 2.179519176, -0.000000250, 0.000000000, 0.999999940, -0.000000000, 0.999999821, -0.000000000, -0.999999940, -0.000000000, -0.000000250),
        ["fov"] = 70
    },
    {
        ["cframe"] = CFrame.new(9312.223632812, 0.037223577, 2.154822111, -0.000000250, 0.000000000, 0.999999940, -0.000000000, 0.999999821, -0.000000000, -0.999999940, -0.000000000, -0.000000250),
        ["fov"] = 70
    },
    {
        ["cframe"] = CFrame.new(9312.223632812, 0.037223577, 2.127038240, -0.000000250, 0.000000000, 0.999999940, -0.000000000, 0.999999821, -0.000000000, -0.999999940, -0.000000000, -0.000000250),
        ["fov"] = 70
    },
    {
        ["cframe"] = CFrame.new(9312.223632812, 0.037223577, 2.099254131, -0.000000250, 0.000000000, 0.999999940, -0.000000000, 0.999999821, -0.000000000, -0.999999940, -0.000000000, -0.000000250),
        ["fov"] = 70
    },
    {
        ["cframe"] = CFrame.new(9312.223632812, 0.037223577, 2.077644110, -0.000000250, 0.000000000, 0.999999940, -0.000000000, 0.999999821, -0.000000000, -0.999999940, -0.000000000, -0.000000250),
        ["fov"] = 70
    },
    {
        ["cframe"] = CFrame.new(9312.223632812, 0.037223577, 2.049860239, -0.000000250, 0.000000000, 0.999999940, -0.000000000, 0.999999821, -0.000000000, -0.999999940, -0.000000000, -0.000000250),
        ["fov"] = 70
    },
    {
        ["cframe"] = CFrame.new(9312.223632812, 0.037223577, 2.022076130, -0.000000250, 0.000000000, 0.999999940, -0.000000000, 0.999999821, -0.000000000, -0.999999940, -0.000000000, -0.000000250),
        ["fov"] = 70
    },
    {
        ["cframe"] = CFrame.new(9312.223632812, 0.037223577, 1.997378945, -0.000000250, 0.000000000, 0.999999940, -0.000000000, 0.999999821, -0.000000000, -0.999999940, -0.000000000, -0.000000250),
        ["fov"] = 70
    },
    {
        ["cframe"] = CFrame.new(9312.223632812, 0.037223577, 1.972682238, -0.000000250, 0.000000000, 0.999999940, -0.000000000, 0.999999821, -0.000000000, -0.999999940, -0.000000000, -0.000000250),
        ["fov"] = 70
    },
    {
        ["cframe"] = CFrame.new(9312.223632812, 0.037223577, 1.951072335, -0.000000250, 0.000000000, 0.999999940, -0.000000000, 0.999999821, -0.000000000, -0.999999940, -0.000000000, -0.000000250),
        ["fov"] = 70
    },
    {
        ["cframe"] = CFrame.new(9312.223632812, 0.037223577, 1.926375270, -0.000000250, 0.000000000, 0.999999940, -0.000000000, 0.999999821, -0.000000000, -0.999999940, -0.000000000, -0.000000250),
        ["fov"] = 70
    },
    {
        ["cframe"] = CFrame.new(9312.223632812, 0.037223577, 1.901678443, -0.000000250, 0.000000000, 0.999999940, -0.000000000, 0.999999821, -0.000000000, -0.999999940, -0.000000000, -0.000000250),
        ["fov"] = 70
    },
    {
        ["cframe"] = CFrame.new(9312.223632812, 0.037223577, 1.876981378, -0.000000250, 0.000000000, 0.999999940, -0.000000000, 0.999999821, -0.000000000, -0.999999940, -0.000000000, -0.000000250),
        ["fov"] = 70
    },
    {
        ["cframe"] = CFrame.new(9312.223632812, 0.037223577, 1.855371594, -0.000000250, 0.000000000, 0.999999940, -0.000000000, 0.999999821, -0.000000000, -0.999999940, -0.000000000, -0.000000250),
        ["fov"] = 70
    },
    {
        ["cframe"] = CFrame.new(9312.223632812, 0.037223577, 1.833761454, -0.000000250, 0.000000000, 0.999999940, -0.000000000, 0.999999821, -0.000000000, -0.999999940, -0.000000000, -0.000000250),
        ["fov"] = 70
    },
    {
        ["cframe"] = CFrame.new(9312.223632812, 0.037223577, 1.809064507, -0.000000250, 0.000000000, 0.999999940, -0.000000000, 0.999999821, -0.000000000, -0.999999940, -0.000000000, -0.000000250),
        ["fov"] = 70
    },
    {
        ["cframe"] = CFrame.new(9312.223632812, 0.037223577, 1.787454963, -0.000000250, 0.000000000, 0.999999940, -0.000000000, 0.999999821, -0.000000000, -0.999999940, -0.000000000, -0.000000250),
        ["fov"] = 70
    },
    {
        ["cframe"] = CFrame.new(9312.223632812, 0.037223577, 1.762757897, -0.000000250, 0.000000000, 0.999999940, -0.000000000, 0.999999821, -0.000000000, -0.999999940, -0.000000000, -0.000000250),
        ["fov"] = 70
    },
    {
        ["cframe"] = CFrame.new(9312.223632812, 0.037223577, 1.734974027, -0.000000250, 0.000000000, 0.999999940, -0.000000000, 0.999999821, -0.000000000, -0.999999940, -0.000000000, -0.000000250),
        ["fov"] = 70
    },
    {
        ["cframe"] = CFrame.new(9312.223632812, 0.037223577, 1.713364005, -0.000000250, 0.000000000, 0.999999940, -0.000000000, 0.999999821, -0.000000000, -0.999999940, -0.000000000, -0.000000250),
        ["fov"] = 70
    },
    {
        ["cframe"] = CFrame.new(9312.223632812, 0.037223577, 1.688667059, -0.000000250, 0.000000000, 0.999999940, -0.000000000, 0.999999821, -0.000000000, -0.999999940, -0.000000000, -0.000000250),
        ["fov"] = 70
    },
    {
        ["cframe"] = CFrame.new(9312.223632812, 0.037223577, 1.670144081, -0.000000250, 0.000000000, 0.999999940, -0.000000000, 0.999999821, -0.000000000, -0.999999940, -0.000000000, -0.000000250),
        ["fov"] = 70
    },
    {
        ["cframe"] = CFrame.new(9312.223632812, 0.037223577, 1.645447254, -0.000000250, 0.000000000, 0.999999940, -0.000000000, 0.999999821, -0.000000000, -0.999999940, -0.000000000, -0.000000250),
        ["fov"] = 70
    },
    {
        ["cframe"] = CFrame.new(9312.223632812, 0.037223577, 1.623837233, -0.000000250, 0.000000000, 0.999999940, -0.000000000, 0.999999821, -0.000000000, -0.999999940, -0.000000000, -0.000000250),
        ["fov"] = 70
    },
    {
        ["cframe"] = CFrame.new(9312.223632812, 0.037223577, 1.599140644, -0.000000250, 0.000000000, 0.999999940, -0.000000000, 0.999999821, -0.000000000, -0.999999940, -0.000000000, -0.000000250),
        ["fov"] = 70
    },
    {
        ["cframe"] = CFrame.new(9312.223632812, 0.037223577, 1.574443698, -0.000000250, 0.000000000, 0.999999940, -0.000000000, 0.999999821, -0.000000000, -0.999999940, -0.000000000, -0.000000250),
        ["fov"] = 70
    },
    {
        ["cframe"] = CFrame.new(9312.223632812, 0.037223577, 1.549746633, -0.000000250, 0.000000000, 0.999999940, -0.000000000, 0.999999821, -0.000000000, -0.999999940, -0.000000000, -0.000000250),
        ["fov"] = 70
    },
    {
        ["cframe"] = CFrame.new(9312.223632812, 0.037223577, 1.528136849, -0.000000250, 0.000000000, 0.999999940, -0.000000000, 0.999999821, -0.000000000, -0.999999940, -0.000000000, -0.000000250),
        ["fov"] = 70
    },
    {
        ["cframe"] = CFrame.new(9312.223632812, 0.037223577, 1.500352740, -0.000000250, 0.000000000, 0.999999940, -0.000000000, 0.999999821, -0.000000000, -0.999999940, -0.000000000, -0.000000250),
        ["fov"] = 70
    },
    {
        ["cframe"] = CFrame.new(9312.223632812, 0.037223577, 1.475655675, -0.000000250, 0.000000000, 0.999999940, -0.000000000, 0.999999821, -0.000000000, -0.999999940, -0.000000000, -0.000000250),
        ["fov"] = 70
    },
    {
        ["cframe"] = CFrame.new(9312.223632812, 0.037223577, 1.457132936, -0.000000250, 0.000000000, 0.999999940, -0.000000000, 0.999999821, -0.000000000, -0.999999940, -0.000000000, -0.000000250),
        ["fov"] = 70
    },
    {
        ["cframe"] = CFrame.new(9312.223632812, 0.037223577, 1.429348826, -0.000000250, 0.000000000, 0.999999940, -0.000000000, 0.999999821, -0.000000000, -0.999999940, -0.000000000, -0.000000250),
        ["fov"] = 70
    },
    {
        ["cframe"] = CFrame.new(9312.222656250, 0.037223577, 1.401564837, -0.000000250, 0.000000000, 0.999999940, -0.000000000, 0.999999821, -0.000000000, -0.999999940, -0.000000000, -0.000000250),
        ["fov"] = 70
    },
    {
        ["cframe"] = CFrame.new(9312.222656250, 0.037223577, 1.379955053, -0.000000250, 0.000000000, 0.999999940, -0.000000000, 0.999999821, -0.000000000, -0.999999940, -0.000000000, -0.000000250),
        ["fov"] = 70
    },
    {
        ["cframe"] = CFrame.new(9312.222656250, 0.037223577, 1.358345151, -0.000000250, 0.000000000, 0.999999940, -0.000000000, 0.999999821, -0.000000000, -0.999999940, -0.000000000, -0.000000250),
        ["fov"] = 70
    },
    {
        ["cframe"] = CFrame.new(9312.222656250, 0.037223577, 1.333648205, -0.000000250, 0.000000000, 0.999999940, -0.000000000, 0.999999821, -0.000000000, -0.999999940, -0.000000000, -0.000000250),
        ["fov"] = 70
    },
    {
        ["cframe"] = CFrame.new(9312.222656250, 0.037223577, 1.312038302, -0.000000250, 0.000000000, 0.999999940, -0.000000000, 0.999999821, -0.000000000, -0.999999940, -0.000000000, -0.000000250),
        ["fov"] = 70
    },
    {
        ["cframe"] = CFrame.new(9312.222656250, 0.037223577, 1.290428519, -0.000000250, 0.000000000, 0.999999940, -0.000000000, 0.999999821, -0.000000000, -0.999999940, -0.000000000, -0.000000250),
        ["fov"] = 70
    },
    {
        ["cframe"] = CFrame.new(9312.222656250, 0.037223577, 1.253382683, -0.000000250, 0.000000000, 0.999999940, -0.000000000, 0.999999821, -0.000000000, -0.999999940, -0.000000000, -0.000000250),
        ["fov"] = 70
    },
    {
        ["cframe"] = CFrame.new(9312.222656250, 0.037223577, 1.231773019, -0.000000250, 0.000000000, 0.999999940, -0.000000000, 0.999999821, -0.000000000, -0.999999940, -0.000000000, -0.000000250),
        ["fov"] = 70
    },
    {
        ["cframe"] = CFrame.new(9312.222656250, 0.037223577, 1.207076073, -0.000000250, 0.000000000, 0.999999940, -0.000000000, 0.999999821, -0.000000000, -0.999999940, -0.000000000, -0.000000250),
        ["fov"] = 70
    },
    {
        ["cframe"] = CFrame.new(9312.222656250, 0.037223577, 1.185466170, -0.000000250, 0.000000000, 0.999999940, -0.000000000, 0.999999821, -0.000000000, -0.999999940, -0.000000000, -0.000000250),
        ["fov"] = 70
    },
    {
        ["cframe"] = CFrame.new(9312.222656250, 0.037223577, 1.163856268, -0.000000250, 0.000000000, 0.999999940, -0.000000000, 0.999999821, -0.000000000, -0.999999940, -0.000000000, -0.000000250),
        ["fov"] = 70
    },
    {
        ["cframe"] = CFrame.new(9312.222656250, 0.037223577, 1.139159203, -0.000000250, 0.000000000, 0.999999940, -0.000000000, 0.999999821, -0.000000000, -0.999999940, -0.000000000, -0.000000250),
        ["fov"] = 70
    },
    {
        ["cframe"] = CFrame.new(9312.222656250, 0.037223577, 1.111375213, -0.000000250, 0.000000000, 0.999999940, -0.000000000, 0.999999821, -0.000000000, -0.999999940, -0.000000000, -0.000000250),
        ["fov"] = 70
    },
    {
        ["cframe"] = CFrame.new(9312.222656250, 0.037223577, 1.089765310, -0.000000250, 0.000000000, 0.999999940, -0.000000000, 0.999999821, -0.000000000, -0.999999940, -0.000000000, -0.000000250),
        ["fov"] = 70
    },
    {
        ["cframe"] = CFrame.new(9312.222656250, 0.037223577, 1.065068364, -0.000000250, 0.000000000, 0.999999940, -0.000000000, 0.999999821, -0.000000000, -0.999999940, -0.000000000, -0.000000250),
        ["fov"] = 70
    },
    {
        ["cframe"] = CFrame.new(9312.222656250, 0.037223577, 1.047821283, -0.000000250, 0.000000000, 0.999999940, -0.000000000, 0.999999821, -0.000000000, -0.999999940, -0.000000000, -0.000000250),
        ["fov"] = 70
    },
    {
        ["cframe"] = CFrame.new(9312.223632812, 0.037223577, 1.035842896, -0.000000250, 0.000000000, 0.999999940, -0.000000000, 0.999999821, -0.000000000, -0.999999940, -0.000000000, -0.000000250),
        ["fov"] = 70
    },
    {
        ["cframe"] = CFrame.new(9312.223632812, 0.037223577, 1.023864627, -0.000000250, 0.000000000, 0.999999940, -0.000000000, 0.999999821, -0.000000000, -0.999999940, -0.000000000, -0.000000250),
        ["fov"] = 70
    },
    {
        ["cframe"] = CFrame.new(9312.224609375, 0.037223577, 1.013217211, -0.000000250, 0.000000000, 0.999999940, -0.000000000, 0.999999821, -0.000000000, -0.999999940, -0.000000000, -0.000000250),
        ["fov"] = 70
    },
    {
        ["cframe"] = CFrame.new(9312.224609375, 0.037223577, 1.003900766, -0.000000250, 0.000000000, 0.999999940, -0.000000000, 0.999999821, -0.000000000, -0.999999940, -0.000000000, -0.000000250),
        ["fov"] = 70
    },
    {
        ["cframe"] = CFrame.new(9312.225585938, 0.037223577, 0.994584203, -0.000000250, 0.000000000, 0.999999940, -0.000000000, 0.999999821, -0.000000000, -0.999999940, -0.000000000, -0.000000250),
        ["fov"] = 70
    },
    {
        ["cframe"] = CFrame.new(9312.225585938, 0.037223577, 0.983936787, -0.000000250, 0.000000000, 0.999999940, -0.000000000, 0.999999821, -0.000000000, -0.999999940, -0.000000000, -0.000000250),
        ["fov"] = 70
    },
    {
        ["cframe"] = CFrame.new(9312.226562500, 0.037223577, 0.974620342, -0.000000250, 0.000000000, 0.999999940, -0.000000000, 0.999999821, -0.000000000, -0.999999940, -0.000000000, -0.000000250),
        ["fov"] = 70
    },
    {
        ["cframe"] = CFrame.new(9312.226562500, 0.037223577, 0.962642074, -0.000000250, 0.000000000, 0.999999940, -0.000000000, 0.999999821, -0.000000000, -0.999999940, -0.000000000, -0.000000250),
        ["fov"] = 70
    },
    {
        ["cframe"] = CFrame.new(9312.226562500, 0.037223577, 0.953325510, -0.000000250, 0.000000000, 0.999999940, -0.000000000, 0.999999821, -0.000000000, -0.999999940, -0.000000000, -0.000000250),
        ["fov"] = 70
    },
    {
        ["cframe"] = CFrame.new(9312.227539062, 0.037223577, 0.941347241, -0.000000250, 0.000000000, 0.999999940, -0.000000000, 0.999999821, -0.000000000, -0.999999940, -0.000000000, -0.000000250),
        ["fov"] = 70
    },
    {
        ["cframe"] = CFrame.new(9312.227539062, 0.037223577, 0.932030737, -0.000000250, 0.000000000, 0.999999940, -0.000000000, 0.999999821, -0.000000000, -0.999999940, -0.000000000, -0.000000250),
        ["fov"] = 70
    },
    {
        ["cframe"] = CFrame.new(9312.228515625, 0.037223577, 0.921383321, -0.000000250, 0.000000000, 0.999999940, -0.000000000, 0.999999821, -0.000000000, -0.999999940, -0.000000000, -0.000000250),
        ["fov"] = 70
    },
    {
        ["cframe"] = CFrame.new(9312.228515625, 0.037223577, 0.910735905, -0.000000250, 0.000000000, 0.999999940, -0.000000000, 0.999999821, -0.000000000, -0.999999940, -0.000000000, -0.000000250),
        ["fov"] = 70
    },
    {
        ["cframe"] = CFrame.new(9312.229492188, 0.037223577, 0.901419401, -0.000000250, 0.000000000, 0.999999940, -0.000000000, 0.999999821, -0.000000000, -0.999999940, -0.000000000, -0.000000250),
        ["fov"] = 70
    },
    {
        ["cframe"] = CFrame.new(9312.229492188, 0.037223577, 0.892103016, -0.000000250, 0.000000000, 0.999999940, -0.000000000, 0.999999821, -0.000000000, -0.999999940, -0.000000000, -0.000000250),
        ["fov"] = 70
    },
    {
        ["cframe"] = CFrame.new(9312.229492188, 0.037223577, 0.882786572, -0.000000250, 0.000000000, 0.999999940, -0.000000000, 0.999999821, -0.000000000, -0.999999940, -0.000000000, -0.000000250),
        ["fov"] = 70
    },
    {
        ["cframe"] = CFrame.new(9312.230468750, 0.037223577, 0.872139156, -0.000000250, 0.000000000, 0.999999940, -0.000000000, 0.999999821, -0.000000000, -0.999999940, -0.000000000, -0.000000250),
        ["fov"] = 70
    },
    {
        ["cframe"] = CFrame.new(9312.230468750, 0.037223577, 0.862822592, -0.000000250, 0.000000000, 0.999999940, -0.000000000, 0.999999821, -0.000000000, -0.999999940, -0.000000000, -0.000000250),
        ["fov"] = 70
    },
    {
        ["cframe"] = CFrame.new(9312.231445312, 0.037223577, 0.853506088, -0.000000250, 0.000000000, 0.999999940, -0.000000000, 0.999999821, -0.000000000, -0.999999940, -0.000000000, -0.000000250),
        ["fov"] = 70
    },
    {
        ["cframe"] = CFrame.new(9312.231445312, 0.037223577, 0.844189644, -0.000000250, 0.000000000, 0.999999940, -0.000000000, 0.999999821, -0.000000000, -0.999999940, -0.000000000, -0.000000250),
        ["fov"] = 70
    },
    {
        ["cframe"] = CFrame.new(9312.232421875, 0.037223577, 0.833542228, -0.000000250, 0.000000000, 0.999999940, -0.000000000, 0.999999821, -0.000000000, -0.999999940, -0.000000000, -0.000000250),
        ["fov"] = 70
    },
    {
        ["cframe"] = CFrame.new(9312.232421875, 0.037223577, 0.824225783, -0.000000250, 0.000000000, 0.999999940, -0.000000000, 0.999999821, -0.000000000, -0.999999940, -0.000000000, -0.000000250),
        ["fov"] = 70
    },
    {
        ["cframe"] = CFrame.new(9312.232421875, 0.037223577, 0.814909339, -0.000000250, 0.000000000, 0.999999940, -0.000000000, 0.999999821, -0.000000000, -0.999999940, -0.000000000, -0.000000250),
        ["fov"] = 70
    },
    {
        ["cframe"] = CFrame.new(9312.233398438, 0.037223577, 0.804261923, -0.000000250, 0.000000000, 0.999999940, -0.000000000, 0.999999821, -0.000000000, -0.999999940, -0.000000000, -0.000000250),
        ["fov"] = 70
    },
    {
        ["cframe"] = CFrame.new(9312.233398438, 0.037223577, 0.794945359, -0.000000250, 0.000000000, 0.999999940, -0.000000000, 0.999999821, -0.000000000, -0.999999940, -0.000000000, -0.000000250),
        ["fov"] = 70
    },
    {
        ["cframe"] = CFrame.new(9312.234375000, 0.037223577, 0.785628915, -0.000000250, 0.000000000, 0.999999940, -0.000000000, 0.999999821, -0.000000000, -0.999999940, -0.000000000, -0.000000250),
        ["fov"] = 70
    },
    {
        ["cframe"] = CFrame.new(9312.234375000, 0.037223577, 0.776312470, -0.000000250, 0.000000000, 0.999999940, -0.000000000, 0.999999821, -0.000000000, -0.999999940, -0.000000000, -0.000000250),
        ["fov"] = 70
    },
    {
        ["cframe"] = CFrame.new(9312.235351562, 0.037223577, 0.765664995, -0.000000250, 0.000000000, 0.999999940, -0.000000000, 0.999999821, -0.000000000, -0.999999940, -0.000000000, -0.000000250),
        ["fov"] = 70
    },
    {
        ["cframe"] = CFrame.new(9312.235351562, 0.037223577, 0.755017579, -0.000000250, 0.000000000, 0.999999940, -0.000000000, 0.999999821, -0.000000000, -0.999999940, -0.000000000, -0.000000250),
        ["fov"] = 70
    },
    {
        ["cframe"] = CFrame.new(9312.235351562, 0.037223577, 0.744370222, -0.000000250, 0.000000000, 0.999999940, -0.000000000, 0.999999821, -0.000000000, -0.999999940, -0.000000000, -0.000000250),
        ["fov"] = 70
    },
    {
        ["cframe"] = CFrame.new(9312.236328125, 0.037223577, 0.732392013, -0.000000250, 0.000000000, 0.999999940, -0.000000000, 0.999999821, -0.000000000, -0.999999940, -0.000000000, -0.000000250),
        ["fov"] = 70
    },
    {
        ["cframe"] = CFrame.new(9312.236328125, 0.037223577, 0.723075509, -0.000000250, 0.000000000, 0.999999940, -0.000000000, 0.999999821, -0.000000000, -0.999999940, -0.000000000, -0.000000250),
        ["fov"] = 70
    },
    {
        ["cframe"] = CFrame.new(9312.237304688, 0.037223577, 0.712428093, -0.000000250, 0.000000000, 0.999999940, -0.000000000, 0.999999821, -0.000000000, -0.999999940, -0.000000000, -0.000000250),
        ["fov"] = 70
    },
    {
        ["cframe"] = CFrame.new(9312.237304688, 0.037223577, 0.701780677, -0.000000250, 0.000000000, 0.999999940, -0.000000000, 0.999999821, -0.000000000, -0.999999940, -0.000000000, -0.000000250),
        ["fov"] = 70
    },
    {
        ["cframe"] = CFrame.new(9312.238281250, 0.037223577, 0.689802408, -0.000000250, 0.000000000, 0.999999940, -0.000000000, 0.999999821, -0.000000000, -0.999999940, -0.000000000, -0.000000250),
        ["fov"] = 70
    },
    {
        ["cframe"] = CFrame.new(9312.238281250, 0.037223577, 0.679154992, -0.000000250, 0.000000000, 0.999999940, -0.000000000, 0.999999821, -0.000000000, -0.999999940, -0.000000000, -0.000000250),
        ["fov"] = 70
    },
    {
        ["cframe"] = CFrame.new(9312.239257812, 0.037223577, 0.668507636, -0.000000250, 0.000000000, 0.999999940, -0.000000000, 0.999999821, -0.000000000, -0.999999940, -0.000000000, -0.000000250),
        ["fov"] = 70
    },
    {
        ["cframe"] = CFrame.new(9312.239257812, 0.037223577, 0.657860160, -0.000000250, 0.000000000, 0.999999940, -0.000000000, 0.999999821, -0.000000000, -0.999999940, -0.000000000, -0.000000250),
        ["fov"] = 70
    },
    {
        ["cframe"] = CFrame.new(9312.240234375, 0.037223577, 0.648543775, -0.000000250, 0.000000000, 0.999999940, -0.000000000, 0.999999821, -0.000000000, -0.999999940, -0.000000000, -0.000000250),
        ["fov"] = 70
    },
    {
        ["cframe"] = CFrame.new(9312.240234375, 0.037223577, 0.639227271, -0.000000250, 0.000000000, 0.999999940, -0.000000000, 0.999999821, -0.000000000, -0.999999940, -0.000000000, -0.000000250),
        ["fov"] = 70
    },
    {
        ["cframe"] = CFrame.new(9312.240234375, 0.037223577, 0.629910827, -0.000000250, 0.000000000, 0.999999940, -0.000000000, 0.999999821, -0.000000000, -0.999999940, -0.000000000, -0.000000250),
        ["fov"] = 70
    },
    {
        ["cframe"] = CFrame.new(9312.241210938, 0.037223577, 0.619263351, -0.000000250, 0.000000000, 0.999999940, -0.000000000, 0.999999821, -0.000000000, -0.999999940, -0.000000000, -0.000000250),
        ["fov"] = 70
    },
    {
        ["cframe"] = CFrame.new(9312.241210938, 0.037223577, 0.608616054, -0.000000250, 0.000000000, 0.999999940, -0.000000000, 0.999999821, -0.000000000, -0.999999940, -0.000000000, -0.000000250),
        ["fov"] = 70
    },
    {
        ["cframe"] = CFrame.new(9312.242187500, 0.037223577, 0.596637666, -0.000000250, 0.000000000, 0.999999940, -0.000000000, 0.999999821, -0.000000000, -0.999999940, -0.000000000, -0.000000250),
        ["fov"] = 70
    },
    {
        ["cframe"] = CFrame.new(9312.242187500, 0.037223577, 0.584659338, -0.000000250, 0.000000000, 0.999999940, -0.000000000, 0.999999821, -0.000000000, -0.999999940, -0.000000000, -0.000000250),
        ["fov"] = 70
    },
    {
        ["cframe"] = CFrame.new(9312.243164062, 0.037223577, 0.574011981, -0.000000250, 0.000000000, 0.999999940, -0.000000000, 0.999999821, -0.000000000, -0.999999940, -0.000000000, -0.000000250),
        ["fov"] = 70
    },
    {
        ["cframe"] = CFrame.new(9302.967773438, -2.466511011, -3.354471922, -0.999932468, -0.004791048, -0.010586583, -0.004792421, 0.999988794, 0.000104270, 0.010585963, 0.000154998, -0.999943972),
        ["fov"] = 70
    },
    {
        ["cframe"] = CFrame.new(9302.966796875, -2.463014603, -3.504717112, -0.999858797, -0.012835238, -0.010848553, -0.012844484, 0.999917030, 0.000783126, 0.010837602, 0.000922359, -0.999940872),
        ["fov"] = 70
    },
    {
        ["cframe"] = CFrame.new(9302.964843750, -2.455595255, -3.622721434, -0.999642968, -0.024194101, -0.011337548, -0.024220532, 0.999704421, 0.002199753, 0.011280974, 0.002473569, -0.999933302),
        ["fov"] = 70
    },
    {
        ["cframe"] = CFrame.new(9302.963867188, -2.444555283, -3.701306581, -0.999191582, -0.038393531, -0.011921550, -0.038447153, 0.999251187, 0.004301497, 0.011747477, 0.004756370, -0.999919713),
        ["fov"] = 70
    },
    {
        ["cframe"] = CFrame.new(9302.962890625, -2.433927059, -3.736244440, -0.998622894, -0.051008146, -0.012270165, -0.051088605, 0.998674214, 0.006335787, 0.011930718, 0.006953928, -0.999904633),
        ["fov"] = 70
    },
    {
        ["cframe"] = CFrame.new(9302.961914062, -2.425207853, -3.750224352, -0.998057663, -0.061075788, -0.012274066, -0.061176788, 0.998094738, 0.008028743, 0.011760319, 0.008764037, -0.999892414),
        ["fov"] = 70
    },
    {
        ["cframe"] = CFrame.new(9302.961914062, -2.417988777, -3.757603645, -0.997512221, -0.069489814, -0.011855720, -0.069603659, 0.997529685, 0.009476300, 0.011167927, 0.010277928, -0.999884844),
        ["fov"] = 70
    },
    {
        ["cframe"] = CFrame.new(9302.960937500, -2.412869453, -3.768348694, -0.997047067, -0.076046914, -0.010676223, -0.076159835, 0.997039080, 0.010601016, 0.009838439, 0.011382812, -0.999886811),
        ["fov"] = 70
    },
    {
        ["cframe"] = CFrame.new(9302.961914062, -2.412052870, -3.788578987, -0.996882737, -0.078396194, -0.008879699, -0.078491591, 0.996854067, 0.010959664, 0.007992573, 0.011622482, -0.999900520),
        ["fov"] = 70
    },
    {
        ["cframe"] = CFrame.new(9302.961914062, -2.416894436, -3.836343527, -0.997097433, -0.075919807, -0.005735757, -0.075976238, 0.997055829, 0.010361337, 0.004932239, 0.010767044, -0.999929845),
        ["fov"] = 70
    },
    {
        ["cframe"] = CFrame.new(9302.962890625, -2.431483746, -3.937033176, -0.997876227, -0.065136164, -0.000559610, -0.065138564, 0.997843921, 0.008033056, 0.000035161, 0.008052448, -0.999967575),
        ["fov"] = 70
    },
    {
        ["cframe"] = CFrame.new(9302.963867188, -2.453840017, -4.080093861, -0.998858392, -0.047431357, 0.005671670, -0.047407888, 0.998866618, 0.004202723, -0.005864583, 0.003929043, -0.999975085),
        ["fov"] = 70
    },
    {
        ["cframe"] = CFrame.new(9302.965820312, -2.485570908, -4.283638954, -0.999686003, -0.021170804, 0.013402242, -0.021194803, 0.999773920, -0.001651128, -0.013364257, -0.001934668, -0.999908805),
        ["fov"] = 70
    },
    {
        ["cframe"] = CFrame.new(9302.967773438, -2.519345999, -4.553381443, -0.999640405, 0.013925990, 0.022916369, 0.013700587, 0.999856472, -0.009963678, -0.023051836, -0.009646128, -0.999687731),
        ["fov"] = 70
    },
    {
        ["cframe"] = CFrame.new(9302.968750000, -2.529054403, -4.774630547, -0.998633921, 0.042359341, 0.030593069, 0.041839693, 0.998972297, -0.017430965, -0.031299993, -0.016127151, -0.999379933),
        ["fov"] = 70
    },
    {
        ["cframe"] = CFrame.new(9302.970703125, -2.520652771, -4.940467358, -0.997317135, 0.063530259, 0.036365137, 0.062702738, 0.997756362, -0.023462234, -0.037774108, -0.021119095, -0.999063134),
        ["fov"] = 70
    },
    {
        ["cframe"] = CFrame.new(9302.970703125, -2.501481533, -5.054846287, -0.995975256, 0.080489226, 0.039429706, 0.079462714, 0.996473432, -0.026946310, -0.041459549, -0.023704667, -0.998858929),
        ["fov"] = 70
    },
    {
        ["cframe"] = CFrame.new(9302.970703125, -2.487782240, -5.092465401, -0.995257080, 0.088935375, 0.039418291, 0.087909296, 0.995761156, -0.027044440, -0.041656416, -0.023450935, -0.998856723),
        ["fov"] = 70
    },
    {
        ["cframe"] = CFrame.new(9302.970703125, -2.477317810, -5.119104385, -0.994668901, 0.095293418, 0.039407600, 0.094272956, 0.995180488, -0.026993632, -0.041789982, -0.023134656, -0.998858511),
        ["fov"] = 70
    },
    {
        ["cframe"] = CFrame.new(9302.969726562, -2.469695091, -5.136973381, -0.994221151, 0.099858448, 0.039401952, 0.098846212, 0.994740427, -0.026856884, -0.041876595, -0.022806952, -0.998862445),
        ["fov"] = 70
    },
    {
        ["cframe"] = CFrame.new(9302.968750000, -2.464057684, -5.149235249, -0.993880928, 0.103191100, 0.039399203, 0.102188475, 0.994407475, -0.026671138, -0.041931082, -0.022481794, -0.998867512),
        ["fov"] = 70
    },
    {
        ["cframe"] = CFrame.new(9302.966796875, -2.460896730, -5.156445026, -0.993683755, 0.105070859, 0.039404113, 0.104074702, 0.994215071, -0.026538383, -0.041964587, -0.022269787, -0.998870909),
        ["fov"] = 70
    },
    {
        ["cframe"] = CFrame.new(9302.965820312, -2.459660530, -5.161632061, -0.993595600, 0.105899200, 0.039410144, 0.104903355, 0.994127989, -0.026538370, -0.041989133, -0.022234153, -0.998870671),
        ["fov"] = 70
    },
    {
        ["cframe"] = CFrame.new(9302.965820312, -2.459750891, -5.167053223, -0.993576765, 0.106071584, 0.039421409, 0.105067827, 0.994106293, -0.026722612, -0.042023569, -0.022409044, -0.998865306),
        ["fov"] = 70
    },
    {
        ["cframe"] = CFrame.new(9302.964843750, -2.460534096, -5.175500870, -0.993581891, 0.106017396, 0.039438304, 0.104995772, 0.994102478, -0.027137069, -0.042082708, -0.022822045, -0.998853445),
        ["fov"] = 70
    },
    {
        ["cframe"] = CFrame.new(9302.964843750, -2.461623430, -5.188299656, -0.993591547, 0.105920285, 0.039454784, 0.104873314, 0.994098902, -0.027728101, -0.042158928, -0.023412652, -0.998836577),
        ["fov"] = 70
    },
    {
        ["cframe"] = CFrame.new(9302.964843750, -2.462653399, -5.205656052, -0.993600845, 0.105827920, 0.039469782, 0.104756288, 0.994095325, -0.028302111, -0.042231869, -0.023986293, -0.998819888),
        ["fov"] = 70
    },
    {
        ["cframe"] = CFrame.new(9302.964843750, -2.463303566, -5.230638027, -0.993606746, 0.105769366, 0.039476674, 0.104681805, 0.994092464, -0.028674074, -0.042276297, -0.024358263, -0.998808980),
        ["fov"] = 70
    },
    {
        ["cframe"] = CFrame.new(9302.964843750, -2.462419271, -5.273465157, -0.993598938, 0.105847977, 0.039463114, 0.104780950, 0.994095564, -0.028197438, -0.042214748, -0.023881963, -0.998823106),
        ["fov"] = 70
    },
    {
        ["cframe"] = CFrame.new(9302.964843750, -2.460503340, -5.303622246, -0.993581712, 0.106019743, 0.039435975, 0.104998432, 0.994102478, -0.027130948, -0.042079806, -0.022816099, -0.998853743),
        ["fov"] = 70
    },
    {
        ["cframe"] = CFrame.new(9302.964843750, -2.456332207, -5.347216606, -0.993543983, 0.106393471, 0.039378945, 0.105471730, 0.994112968, -0.024793586, -0.041785005, -0.020480152, -0.998916686),
        ["fov"] = 70
    },
    {
        ["cframe"] = CFrame.new(9302.965820312, -2.450623989, -5.393471718, -0.993492603, 0.106899299, 0.039306443, 0.106112756, 0.994119883, -0.021586098, -0.041382853, -0.017274713, -0.998993993),
        ["fov"] = 70
    },
    {
        ["cframe"] = CFrame.new(9302.967773438, -2.444281578, -5.438051701, -0.993436038, 0.107449941, 0.039233029, 0.106811948, 0.994115889, -0.018016934, -0.040938102, -0.013708116, -0.999067605),
        ["fov"] = 70
    },
    {
        ["cframe"] = CFrame.new(9302.970703125, -2.438759565, -5.472958565, -0.993387997, 0.107913189, 0.039179213, 0.107403018, 0.994104028, -0.014906754, -0.040556841, -0.010600225, -0.999121010),
        ["fov"] = 70
    },
    {
        ["cframe"] = CFrame.new(9302.976562500, -2.433409214, -5.503201008, -0.993343890, 0.108332850, 0.039139625, 0.107945196, 0.994085670, -0.011891849, -0.040196422, -0.007587761, -0.999163032),
        ["fov"] = 70
    },
    {
        ["cframe"] = CFrame.new(9302.984375000, -2.430078268, -5.518673897, -0.993320286, 0.108550735, 0.039134480, 0.108238615, 0.994074225, -0.010014161, -0.039989635, -0.005711407, -0.999183774),
        ["fov"] = 70
    },
    {
        ["cframe"] = CFrame.new(9302.995117188, -2.387669325, -5.520080566, -0.993306100, 0.108434327, 0.039812084, 0.108305104, 0.994102836, -0.005394740, -0.040162291, -0.001046776, -0.999192655),
        ["fov"] = 70
    },
    {
        ["cframe"] = CFrame.new(9303.029296875, -2.055792809, -5.505184174, -0.993224382, 0.107065380, 0.045191269, 0.108325318, 0.993764341, 0.026411528, -0.042081725, 0.031127933, -0.998629153),
        ["fov"] = 70
    },
    {
        ["cframe"] = CFrame.new(9302.922851562, 1.157496929, -6.288450241, -0.993474364, 0.104919769, -0.044727683, 0.051121838, 0.760182261, 0.647695482, 0.101957254, 0.641182244, -0.760585308),
        ["fov"] = 70
    },
    {
        ["cframe"] = CFrame.new(9302.876953125, 2.391964436, -6.503841877, -0.995300531, 0.092833750, -0.027544184, 0.037389711, 0.630821168, 0.775026977, 0.089324109, 0.770354927, -0.631327569),
        ["fov"] = 70
    },
    {
        ["cframe"] = CFrame.new(9302.910156250, 2.716804981, -6.367492199, -0.995281518, 0.092000917, -0.030829806, 0.038511612, 0.666202247, 0.744776249, 0.089058973, 0.740074754, -0.666601777),
        ["fov"] = 70
    },
    {
        ["cframe"] = CFrame.new(9302.955078125, 2.863316536, -6.177115440, -0.995282412, 0.090934530, -0.033821333, 0.040990483, 0.710081875, 0.702924967, 0.087936074, 0.698222518, -0.710459471),
        ["fov"] = 70
    },
    {
        ["cframe"] = CFrame.new(9303.005859375, 2.905661106, -5.947379589, -0.995222270, 0.089674152, -0.038616642, 0.042432986, 0.753472507, 0.656109154, 0.087932579, 0.651335776, -0.753677428),
        ["fov"] = 70
    },
    {
        ["cframe"] = CFrame.new(9303.034179688, 2.909751415, -5.793520451, -0.995027542, 0.088839151, -0.045032229, 0.040373370, 0.773074687, 0.633028686, 0.091051027, 0.628062904, -0.772817373),
        ["fov"] = 70
    },
    {
        ["cframe"] = CFrame.new(9303.050781250, 2.927356720, -5.643100262, -0.994525433, 0.087829709, -0.056613851, 0.033240534, 0.779552937, 0.625453770, 0.099066913, 0.620147765, -0.778204679),
        ["fov"] = 70
    },
    {
        ["cframe"] = CFrame.new(9303.045898438, 2.965074539, -5.534446239, -0.993758619, 0.086423039, -0.070533454, 0.021783806, 0.770461977, 0.637113631, 0.109404646, 0.631600678, -0.767535865),
        ["fov"] = 70
    },
    {
        ["cframe"] = CFrame.new(9303.016601562, 3.032514095, -5.436847210, -0.992770791, 0.083559357, -0.086163156, 0.006022483, 0.751645207, 0.659539998, 0.119874880, 0.654253066, -0.746714771),
        ["fov"] = 70
    },
    {
        ["cframe"] = CFrame.new(9302.961914062, 3.135224819, -5.336618900, -0.991855621, 0.077897221, -0.100769214, -0.012016818, 0.730408788, 0.682904661, 0.126799092, 0.678553760, -0.723523855),
        ["fov"] = 70
    },
    {
        ["cframe"] = CFrame.new(9302.916015625, 3.217000484, -5.268739700, -0.991320670, 0.072870001, -0.109422520, -0.024235830, 0.716763496, 0.696895242, 0.129212812, 0.693498611, -0.708776295),
        ["fov"] = 70
    },
    {
        ["cframe"] = CFrame.new(9302.886718750, 3.269337654, -5.228631020, -0.991031051, 0.069492891, -0.114141650, -0.031433847, 0.708952963, 0.704555273, 0.129882619, 0.701824069, -0.700409651),
        ["fov"] = 70
    },
    {
